,Total electric load (kW),Total NG load (kW),Total fuel oil load (kW)
0,533055.8410076057,1459259.5362314456,1900316.1332032203
1,531100.3768516631,1546686.4732674262,2008456.1606990097
2,539899.8571110027,1611992.7578166313,2094377.9517861847
3,542011.6844573265,1661857.6611025992,2126695.0283485693
4,569512.9972860339,1718250.585122545,2195376.1908176313
5,606888.8823695553,1801759.749020093,2277867.1248738
6,682616.656236488,1862240.0134421713,2331887.9959652866
7,735821.982943363,1927407.897367127,2390253.134797928
8,715609.5289398235,1883389.245822609,2442025.8060716903
9,753899.1108214466,1924808.6529416586,2507929.943160255
10,754014.6652121405,1968252.9207752896,2507689.2100226255
11,737372.364426368,1900480.826339687,2422924.851528734
12,740436.7466628547,1919555.8015521378,2397575.4461765173
13,683691.9979656793,1735704.2321327617,2207725.2393421684
14,612800.6750168158,1591643.1849966233,2012149.320538856
15,600890.9775566498,1505214.6106932207,1851011.6731244104
16,636087.9527690072,1491798.2365167947,1800159.506213191
17,697880.5934692624,1451404.9360901027,1765184.2410231659
18,719453.8806438354,1395586.101895626,1751323.2696896943
19,718010.3321132201,1332267.0132543626,1771829.2468453478
20,689165.2288833199,1359989.8882786683,1752419.8524012854
21,642057.9573523271,1343062.078755258,1779066.7855092362
22,590500.6550817686,1306370.1949625304,1771361.4300956803
23,520919.03949193534,1276541.7150245034,1718081.79438691
24,469663.16922772455,1237294.2343682535,1658675.214868437
25,463219.9679296578,1190653.5849415485,1660723.4683719708
26,434880.3220217609,1225710.687931448,1673099.6472639048
27,430846.868472623,1246172.5544646466,1674114.297350791
28,446680.81098380423,1255268.4930680098,1688163.6855246031
29,474007.8862239868,1305622.9328228629,1737119.6128510968
30,541901.752339921,1322281.3725177343,1740218.5172683243
31,591254.6943899352,1341928.522352408,1752242.1948732855
32,595801.4621562939,1334732.867168097,1825250.5381139652
33,592453.0259085806,1298916.6031678256,1783644.5415057605
34,582651.1183063418,1279118.4630257653,1712639.3988196917
35,566476.0659111772,1252513.455055306,1621229.4444294048
36,560471.5328608769,1199216.2293883527,1563769.7840132706
37,517193.1369462456,1117229.0752167797,1438701.9221639866
38,517710.08565037086,1073040.4513873432,1370805.8139880032
39,494844.4310857383,1015516.0260178708,1262774.173480212
40,548323.5618769665,1046169.5621321845,1289061.7002647205
41,596563.6105314253,1040846.4574670986,1283206.9293432534
42,651525.8243761425,988610.961402238,1291844.5141181906
43,638700.8395604069,968569.312209119,1301779.8850266384
44,584875.1526861333,944733.6452007786,1266313.9068104106
45,565643.8499767322,965989.1568556464,1279100.2791508348
46,493517.4026750453,919578.1507571393,1303341.1823203387
47,414204.51327186933,908376.1787540871,1258921.8171703487
48,370587.24296459544,877465.6482461285,1191167.8041145469
49,355367.9333809518,825530.2505122373,1180302.2409384118
50,342329.26773597405,853035.2239556224,1184791.1011769988
51,343985.04119890253,889131.0775525179,1204956.1654974702
52,368578.53239535855,968011.1081558374,1285688.5523809667
53,404595.1662111285,1077221.5737306231,1389335.5850142576
54,487783.5194995227,1147430.2274563236,1438049.3896242778
55,539517.4589228925,1181851.6196429068,1463873.2608064269
56,547051.1557894595,1143368.1430292858,1523667.976353292
57,537160.6642970847,1147463.2635537914,1543037.7428036185
58,570652.035050417,1194066.986771364,1558671.3165404613
59,552894.6685832005,1179532.2774962676,1496517.1708856956
60,588005.0626126367,1202531.0479629429,1506691.8063426167
61,522446.81765239075,1099156.2535654646,1398064.067785449
62,494350.6123123014,1069317.9291817185,1349140.1887465187
63,453634.2911864904,1001714.8351770845,1237228.9448792746
64,510766.0777971166,983659.3669929585,1205419.2432398188
65,572531.7994842273,976891.7617513471,1192377.8779673835
66,611731.7390996341,945142.220698355,1208073.2799925106
67,619345.2019961824,945726.4162349361,1255294.530853613
68,590934.2455065944,941998.3565986522,1231300.7642302334
69,549537.6597876365,985188.5816705902,1299499.4229394323
70,518165.2515739742,1008258.9434453653,1371226.996429996
71,440097.5464087788,1037191.5291537356,1386197.3906828668
72,410450.6161572227,1054984.9574983346,1391732.0769055386
73,393406.2054742036,1044069.0640571938,1416440.57401238
74,387819.086600443,1056731.4584349198,1414608.9414327699
75,386375.00867959746,1092071.9330697008,1421518.8447018783
76,408445.37368939555,1132771.2738954301,1489155.9430155628
77,445285.1582007937,1208296.8806908797,1542657.5867399038
78,520190.33221128903,1277964.962294263,1603082.36319889
79,582911.4481393168,1319102.6785765863,1638415.3374484875
80,584235.8351576078,1299598.7905501893,1694994.6667679963
81,602838.6741587983,1311287.3800308383,1741167.4808091086
82,627429.4834585077,1335525.8134856117,1737271.7651969744
83,590283.3839841969,1323843.4195145017,1668864.5365382314
84,587497.2186412453,1295755.1859802788,1663327.9905085817
85,519134.71474610973,1126067.0260338057,1451610.1313760506
86,495697.38134427794,1007455.6014968246,1252080.0248309213
87,466516.1459552276,875695.8618794165,1102365.3392388604
88,477298.660172499,872761.9969193919,1078192.500816507
89,542282.8762864922,839886.0996981964,1031171.7262368954
90,592972.2351723432,812659.7226530296,1019104.5777929373
91,593455.7697328405,778525.2666370078,1052898.8579891475
92,553096.4932141195,792953.6264106944,1065432.3075416132
93,506109.6448230839,807308.5344350184,1122770.691927977
94,454196.4298861285,815087.7313880571,1130829.4911637828
95,392902.01114763203,787869.4610273688,1113075.3855790866
96,359527.8352444032,778405.0387362168,1062546.9032243171
97,329957.18229067605,752099.0614289746,1050721.3374403971
98,327386.35505316686,762232.7329769031,1061517.5104177757
99,313483.84244413074,779733.4821706957,1045511.1499880587
100,328739.1677395285,793719.5024950207,1060319.7679998344
101,352420.71716246183,842248.087834005,1103742.042924218
102,422303.9260234197,901003.508859803,1134391.019817799
103,485429.81518463243,939135.5984672655,1161608.8787109568
104,484481.40865643776,941122.9030712796,1203276.811617641
105,489503.91017540195,893359.4834200523,1223825.4055584716
106,488184.8162873913,909584.0719070511,1164965.077701421
107,482434.7963281937,860874.7743820781,1112602.8546182523
108,461594.0765012123,838632.9388941322,1083666.0528829885
109,457508.09997191053,742958.4592171425,935004.6759649062
110,427427.7486221143,676766.6387570151,847692.843601604
111,405719.84245082655,588383.4323577209,748387.5796432918
112,385161.95797131705,246886.86966669714,225259.77218201733
113,449320.6630768047,318024.10786127794,318529.2439990266
114,505629.6642094813,338180.45107829454,406960.5643782081
115,501399.8789053316,375877.70983549615,501323.00435104594
116,465013.3909247683,434193.68075997336,596908.0844953944
117,442238.44663433876,540179.7778612332,712642.0570247138
118,414106.6708538984,584381.548645231,776736.56443358
119,338706.9918439752,578202.368915631,810418.7920562626
120,303420.8173344728,599136.0395499901,812166.5148139447
121,302824.21200330765,597649.1011619836,849046.0032256988
122,284238.79793672886,650824.940261098,905775.8728651298
123,290472.7704204249,707736.1567665753,947614.0585647637
124,308967.22548181657,761009.7358431963,1015879.1335622723
125,336422.0156226351,846244.2517749344,1092148.6611948253
126,377888.2994448894,898915.6129252141,1145042.6179986566
127,431193.9064029332,966898.9714493995,1219972.6833963452
128,472358.12299303187,995643.6099739476,1286326.6777677853
129,522432.48257384216,1017757.89095573,1358247.6267763902
130,557168.4552266896,1054577.5131320052,1404446.9001829587
131,557005.5649656561,1081591.401091629,1422437.9155776007
132,554831.8420062225,1083647.370467706,1444926.8421031774
133,516801.19855113234,1014158.0865862843,1356165.466534327
134,500309.3560643984,935396.4050552449,1254483.5743482632
135,472023.05448024004,811858.671548261,1105478.6580601628
136,439832.78805150563,376685.90643289563,359171.53915318055
137,509976.55448108836,393614.29385028756,454990.97164369276
138,518868.9335292308,429885.2673658497,537226.3113605871
139,537503.8659012429,467326.0211588991,639918.9056992459
140,516187.2784845643,530730.0624239666,722399.3187806451
141,487731.21993508405,614834.305532865,836006.2154818315
142,438844.3661741011,661016.3339960725,905064.865393526
143,358485.26015818265,694422.3677923597,925816.807865187
144,329115.60878233844,701118.7031262361,934414.7391095286
145,306611.64537714043,708878.2335802852,981403.0009247598
146,311556.19623377937,740752.789964663,1025387.1827932599
147,315266.4542130323,803721.1373275567,1066812.2546268078
148,333619.2256710327,848829.9371264534,1137357.3217064508
149,366145.2267415485,937499.6338587636,1219397.48387175
150,408914.3174167286,992081.7322214554,1265094.0795513496
151,465198.1187655116,1078553.2991318046,1322977.8008033761
152,505867.90658235055,1132972.689354439,1405473.1891438446
153,570492.4559555348,1154668.136803995,1443925.696187677
154,582316.374229864,1132810.6127412706,1481720.0502147889
155,564668.4214768278,1137272.4655991334,1454105.1522115858
156,584595.7251266851,1127817.173025092,1422120.9777737937
157,534757.0751542032,1010445.9561231103,1327921.0119562417
158,525555.921735039,980006.3573335852,1305310.13089794
159,538450.9187614307,1000798.5545300747,1295466.8798654384
160,538892.6889749641,975777.6418661415,1262008.5082498556
161,593563.9838707001,926408.6308275858,1184139.5587974666
162,624738.7082015342,894690.6797659212,1192543.2413313556
163,610756.0549014922,805562.5207388236,1084792.9112620759
164,588543.0576913257,765369.0637020239,1018761.0466659928
165,547728.0423281302,714823.792201763,1001184.1507897679
166,502297.7569094698,661813.1949265517,934554.6958359854
167,386523.69875800976,647999.5924045461,893196.4058249813
168,337704.6473842662,679952.2139619137,912596.7982381191
169,306526.0476403531,665559.3631140452,937170.0476874479
170,310696.3064722005,727688.9104459872,991337.5353890893
171,319344.6325578838,818057.4498683653,1073316.1741285177
172,339911.8688719004,861346.4340077328,1136944.3673609889
173,373494.8949358965,970330.5765585717,1228598.5279600662
174,449354.8978409033,1060822.7272104449,1300339.7835299922
175,508633.4855996558,1094673.7607897876,1363519.8053900902
176,533824.4559831138,1066020.8900287559,1385210.064337446
177,517110.6142130497,1081108.0395904803,1422113.4226582097
178,512798.47034714976,1087728.4098670045,1379956.789956506
179,511864.9230937762,1067230.727371474,1335462.024616895
180,502273.54216211976,1035758.5337923922,1293372.5529355903
181,492073.9277906845,987669.6895752255,1223856.4942409452
182,451125.2044502043,918585.0514158674,1116574.5607939009
183,449488.7914935219,888459.50801724,1066929.6531964159
184,476558.3655891192,887535.1782644283,1033309.3596818215
185,557610.0758813501,895238.6482570084,1057480.3411843847
186,595429.6526454617,868054.7655260705,1106047.3850643828
187,622288.3671237648,862542.474642899,1150415.553843749
188,602124.6916639775,918295.2193224479,1191447.5954064252
189,548300.0214018659,974151.967385175,1246790.7775264129
190,522670.7290807576,995783.2438581081,1297157.9409448612
191,433874.6565050146,978266.1758933264,1277279.4409616392
192,389679.1575239474,980742.5185584354,1267435.191861884
193,375688.07873903174,967049.3895764619,1294165.0610611523
194,372931.2254025205,1004006.1053278904,1335374.7260458025
195,376265.5330803157,1054545.3927213284,1368370.1116486383
196,400307.58575812366,1103578.6609486595,1447456.1322002981
197,435864.2954066659,1192421.239042177,1510122.880984853
198,523725.5667010841,1245532.876621802,1552678.618085066
199,558350.4636520398,1290098.275755021,1587010.463464323
200,600244.6802411015,1302806.618707707,1689692.9824141974
201,600102.8572039253,1326533.2202170363,1734459.8494393227
202,591722.3042445394,1315974.6357107635,1718160.1577447415
203,583918.0172469395,1353479.7175645425,1719626.2111648086
204,593335.8374921839,1376708.589688279,1755748.464071726
205,561997.6674526039,1266720.398179745,1593037.9242594219
206,497189.67194259964,1146188.2439559253,1426554.8080199473
207,488188.78418705537,1073098.1573496386,1339056.63596394
208,532561.3470129091,1054718.2305593302,1277440.2026075125
209,592111.3069562427,1081418.267811185,1281929.4336893521
210,644271.5055033616,1103890.9147865758,1360624.1741117141
211,649292.2356513968,1086623.4644232325,1410125.8711260958
212,596385.1433148178,1124188.2548488611,1438550.5341547285
213,569698.2315708941,1128738.20641618,1486298.0529431659
214,532734.4030634166,1121108.1787741322,1504754.6733399609
215,468038.0038681296,1117875.311899234,1458380.6993275438
216,433988.23591936607,1084819.0242563658,1428870.0926673347
217,397183.44108570844,1063151.4594600822,1432823.5378373011
218,396128.0132135478,1106376.2671235933,1464533.3242102745
219,395735.87110168097,1127024.1045209793,1496047.1611113942
220,416968.5631316016,1169742.0368083478,1528477.0252668364
221,447375.06265193445,1231900.8298293133,1595410.4805196265
222,513214.73663779703,1302945.4066699387,1631697.8832653398
223,584704.4182582133,1331167.6012472329,1698319.8786360223
224,586299.2230830548,1307194.6476188381,1764819.208437072
225,595836.948995335,1336390.3205020092,1804566.15198372
226,613272.5673635917,1348541.4149833394,1782590.9820888976
227,590345.6795717184,1330390.1516428008,1732473.6111009053
228,576772.9417892217,1331376.429467136,1704255.6636610166
229,542106.8000494179,1172758.218063802,1545204.9875681347
230,482128.20638776163,1086003.6952634219,1382597.8038426787
231,485598.9571386492,971246.3601599437,1249250.8432448322
232,411576.71850043524,506643.1378054559,497354.20921132347
233,496522.7101190259,554861.9682376236,620419.470271055
234,532553.2082816908,597713.8019819789,763764.8261126276
235,576562.5180860551,670530.7003064923,911325.7322983223
236,554545.4820850691,753519.9725326372,1044124.5278367759
237,531537.7800514225,852071.4799228014,1198382.937491611
238,505336.7784236192,923671.2480637047,1271280.805181172
239,430022.9426051237,968517.8933893826,1309834.6702605688
240,407016.7199166738,970782.4501835277,1331906.2414069544
241,382923.045771172,973421.0567193426,1365058.7263539317
242,381707.91307371,1024656.1545688029,1412826.9942120598
243,385881.0731964435,1071716.7640733025,1432686.0681699603
244,399734.4182018352,1084527.8569089107,1459959.4233694961
245,447513.44694237836,1142125.5712624814,1512745.2316885006
246,522308.74451486085,1200007.7742921365,1549957.1280267886
247,567588.7128341774,1237094.4216754816,1588226.4717617957
248,582883.608670919,1231228.5149515865,1652099.6367077755
249,590276.3742284133,1277795.796017139,1709593.1225000003
250,589732.5062606673,1311800.6649666764,1722617.8131452424
251,582769.4861171693,1279623.3143481007,1658760.3781271633
252,569407.0338276405,1275002.5164900727,1664968.9164936992
253,564924.5958192449,1226746.825310467,1579589.4542016932
254,535257.8800895973,1201683.0329009676,1480661.9123306652
255,519863.5632148335,1136127.574875668,1417516.7633413596
256,473334.8180702538,810807.7831134473,962435.0773558911
257,558383.928424971,844939.973900688,1050834.3539349802
258,601239.2699332865,871662.7164460681,1127726.6153945643
259,597207.112751312,862495.993614909,1176485.7794883922
260,576956.6944177182,908150.5961635584,1241019.869861673
261,542406.9867685128,959502.5317047803,1334583.3862951112
262,526593.821018704,1004221.3294350762,1411291.7251741136
263,478309.9126408992,1001068.7623810793,1397508.642095598
264,406921.9475626558,1000976.4318931039,1360105.3570753764
265,384105.6968140171,977975.2412302613,1376822.3485929125
266,383805.2531356514,1034084.910866066,1418054.1763450701
267,381079.45706783846,1044915.8522101546,1416275.5645147788
268,399541.68822731206,1069369.4937539704,1456298.0172481064
269,424083.2408246615,1144749.3463476643,1501255.0131142915
270,496138.2810006546,1183954.4055646944,1533256.0650763933
271,580345.4279606084,1237393.7175787692,1579035.2908287584
272,569883.7163073038,1247258.6420620198,1674034.405509056
273,582287.0283454065,1253081.8239652407,1727896.0381076538
274,592060.0765040661,1310988.6838120287,1738711.8710370464
275,623574.8983142118,1340408.6134372607,1752153.3082388798
276,627230.6401613337,1390099.133944016,1791643.690766711
277,575639.5971480699,1245699.1559491795,1612988.5171888543
278,515333.3831774262,1136427.1495500265,1442465.2751201794
279,499555.7810062824,1025224.3318445194,1319133.7010854029
280,517856.7529073176,981724.3756498804,1220193.1103834133
281,579841.8146039018,972929.1426816329,1220263.2442155636
282,647459.0694283255,970355.0768433631,1256152.3655194368
283,648780.8233304977,955461.8215475469,1315225.5333454502
284,587259.3215024224,996443.3625759784,1320258.9499447006
285,576329.3213719027,1040232.8984354361,1413346.542248738
286,549042.0499717313,1047823.8438197569,1470113.1849555373
287,444292.48761317926,998216.7733791558,1387361.6665290871
288,393932.98301847646,964683.4481460995,1336494.1837814262
289,376457.4442096497,938624.2061527397,1342909.1093024118
290,372948.9271277565,970021.5523740945,1355791.20867376
291,370479.17565826775,984759.9224921666,1359477.3499103433
292,382507.37717366643,1026634.526427773,1386599.164967227
293,396857.58458257595,1077939.7055861275,1432547.5528140345
294,446535.6273434037,1123824.3414521825,1491723.530874509
295,509101.05570487696,1196115.491929425,1574719.758317195
296,567302.7239550116,1242831.2959126397,1659765.790694557
297,599370.9172365128,1246571.5922894224,1726973.5315758653
298,613683.2218856907,1293724.758264569,1747923.2711911595
299,613602.6701805206,1252931.4466884478,1720592.0714128092
300,606272.4502775391,1215250.344464441,1658529.6166277807
301,534102.553983071,1031025.2457546437,1449528.8291821564
302,490960.4786635344,907645.0123362527,1298103.0819653175
303,512206.87522080727,811792.7309824597,1178350.2352264128
304,455707.7422815831,418086.67132684286,513753.00618819596
305,506809.8087692501,477127.7593022282,577939.9412975069
306,540557.1567807939,490718.4408661266,667554.8190657516
307,559073.2372858735,533116.5441930045,739241.2577391317
308,548139.8483407156,559759.2243596656,759742.8973596025
309,516479.8262317996,598231.328006786,837804.7088974338
310,455562.579340089,632956.9423316824,866751.9190662127
311,360939.11584172095,634400.0810316927,872589.2884338594
312,317943.21099242405,634682.2329197655,865889.2928034757
313,292509.13324479345,632058.0892317907,896355.3410599371
314,302021.7363610561,689340.9887362742,953876.8350292287
315,303078.4422691154,738247.9136979183,996930.2983178031
316,326115.30183608376,816932.8008643668,1086256.0607647216
317,363785.35227587994,932372.3874405972,1222205.0018379015
318,426309.25117995025,1095172.0439038554,1386213.971965997
319,508945.0557523149,1284016.8011552778,1597352.6789146436
320,603301.0037145416,1483208.443664315,1874476.2159142566
321,666977.572032302,1576800.3849912826,2038371.1136974806
322,683168.6312284189,1634798.8533235092,2109674.715808161
323,716506.9107707853,1684149.0983230926,2189730.2824705574
324,722170.1096017491,1735313.9438072925,2251740.088598091
325,658760.1928533092,1642547.0079113366,2139053.776712556
326,643347.0084054109,1526012.845524,1981600.828542642
327,654767.6933674051,1388291.862996173,1832446.1878011462
328,681762.6064576168,1343210.0583387115,1690554.6949394385
329,718645.4891562768,1276887.8871704703,1661294.8166695696
330,738071.6723756233,1259379.4201801736,1676454.1611557577
331,729816.1905364788,1247349.8268162021,1690156.6070180787
332,694736.8827198759,1235655.8967089737,1671406.6399289484
333,640215.4352520492,1268880.6033710616,1753210.189011168
334,591380.8404442505,1278756.823448865,1781828.1434178378
335,528956.6468102557,1274933.096444773,1714961.077358138
336,467093.6913936009,1250134.2970098534,1683713.6734336696
337,446013.5220342841,1211915.3574499597,1688974.8050718992
338,444085.9540319803,1271069.9741952938,1740836.7061169904
339,457216.8863609144,1321421.1152576597,1782227.584665588
340,474545.1091235897,1339977.2143131038,1831361.7715252568
341,501640.6666901391,1456357.5589036385,1901349.1867418117
342,586103.5863290584,1505798.1641132606,1955036.2849095296
343,662535.3327298374,1568173.2476383077,2009638.2317988852
344,651524.0908055017,1592472.9382810006,2100907.867900722
345,665382.2474526735,1607921.8603439007,2150534.339590554
346,692702.4336101452,1640874.0943006177,2180406.889877259
347,662285.2821629811,1641904.2854671571,2147187.0227252264
348,682433.5730522687,1660454.4114990637,2171038.8623160846
349,649868.9766670463,1627953.8160787402,2094655.5977917416
350,615618.2551868015,1568561.5837762218,1994157.515106994
351,601596.9080061078,1529758.2001277967,1914496.655112344
352,538347.2873224642,1214990.1109823077,1498102.2727807818
353,636325.4709511005,1238567.7699041404,1524368.9715785426
354,705325.857025159,1260974.317427114,1640330.7858804914
355,729605.7188102594,1319658.506517923,1725376.69045727
356,699410.1690934438,1391012.996151154,1801757.025597627
357,676185.3789021753,1462881.063436058,1958407.9591705685
358,620464.3723395108,1470925.1656257026,2025792.0453723308
359,565972.5841208657,1484095.317747755,2000407.6725563186
360,531932.2976736876,1457935.0426001393,1987705.7938494491
361,519060.50112222304,1445148.664825702,2011361.4695657315
362,509068.61214259965,1483822.2151920418,2040327.5872893452
363,510035.2361785332,1538853.9895985022,2091642.6286924358
364,542869.6009870876,1583191.3339838055,2182792.4660188067
365,580652.3681414635,1661251.7781667386,2240550.5921147275
366,648931.6515986619,1723201.0740773152,2292319.8783969264
367,712558.8943954833,1796867.5873583702,2335905.9164345637
368,738201.1326394567,1836512.0303345162,2473693.3981811604
369,766446.0844717055,1887365.2950543782,2527666.1032107477
370,774283.0975995767,1936574.846447328,2579792.4852583017
371,760358.930206483,1941080.8646606586,2541377.6349451807
372,748973.2943585532,1901215.3171657238,2490251.1137993415
373,674811.9214099711,1743840.0851102625,2275408.5151470527
374,626008.9443548179,1598815.2698286355,2059454.3259619067
375,604517.045214303,1483815.9296097737,1910511.150413719
376,641346.0231626246,1491963.552142577,1860247.0438178591
377,734625.7683624796,1512949.5984923055,1890650.854833904
378,775775.2080937404,1529030.408821042,1965471.8236719589
379,788692.1778068378,1538330.2073062821,2014038.5886871829
380,771943.8865582643,1552536.312834686,2054538.8429085265
381,710585.7338819691,1575819.5032489097,2144451.13011282
382,687988.9713756173,1583637.0415305777,2208016.259750409
383,618875.956925928,1589680.763142757,2175170.0071720583
384,559907.0409370847,1577682.5063370226,2134570.3974031466
385,540216.1941847947,1575151.82390404,2164560.61183194
386,544502.9390450383,1636625.7177638917,2217539.0476249466
387,544887.3296584641,1690628.157006157,2256502.7210791055
388,570193.116060906,1736342.1687396409,2321583.5654198327
389,599670.1222019849,1804222.5997617166,2385327.06659608
390,671792.2270283235,1885565.4586229126,2436993.1572006196
391,736733.3941966054,1944894.1473512664,2519227.4554449157
392,762707.1927645128,1950516.8875992342,2595991.3739397717
393,770020.911541243,1933869.6183894754,2648662.8451576727
394,762843.642562336,1916179.5635536762,2608945.074789847
395,769394.7004792865,1923175.910636674,2566920.790306621
396,766614.3681745669,1906665.1912470695,2526294.188775588
397,687002.283012309,1732675.8018433386,2296213.08184021
398,611745.7546601485,1578230.0469537848,2068140.2449388867
399,587800.9954615374,1443499.3355919267,1909421.1418958395
400,627184.8643669818,1403561.911233081,1787850.0252939009
401,707370.5782581615,1399655.29521144,1782798.8632444658
402,741097.9915506855,1404256.4895904022,1826141.9231523424
403,739606.4779114203,1375933.3924922277,1864935.1014635975
404,697999.2892158104,1411464.0182345363,1916751.916187985
405,680415.1699551198,1439702.033686174,1976446.62340969
406,646611.6913216882,1417192.5604488438,1999959.929606269
407,555859.2539538038,1377056.9106365987,1927481.6696884942
408,502986.25293890556,1333531.255933809,1827761.8503101023
409,466939.05576117407,1276671.043957898,1776800.9323713589
410,447404.05048505164,1281708.8828182006,1760334.7913173484
411,438528.6338363278,1283605.1561181943,1740497.3668003236
412,447348.7193801458,1272868.1932889565,1720214.858359961
413,463030.2261693883,1290560.0960492434,1731854.6358982087
414,518934.5808609497,1307181.2730120213,1714356.3187799086
415,575542.4668171769,1315111.4581424736,1726002.6192786917
416,591228.8144200305,1292487.470878666,1761862.9027720469
417,615377.3283294016,1280073.9030365243,1787166.9612283378
418,607397.0895823651,1325203.3711535344,1772262.8618098306
419,592551.5133896085,1301324.7064021572,1721515.5341416444
420,585526.6426458554,1280963.6163229663,1717163.3591832821
421,549209.0268106568,1237807.3518951565,1618613.5239336835
422,541944.367827644,1172702.8253590025,1525599.818154847
423,545829.8548123922,1119935.8703651521,1458625.7596043332
424,516777.17372969654,952682.7363968567,1208471.537580913
425,586757.4333784528,958666.7567825188,1199034.542096297
426,631805.2413950608,947530.6090041187,1244630.8444174156
427,646089.4782785757,945976.7811500691,1293995.2505868138
428,616733.2640452434,986155.8615624608,1329149.6818275847
429,562151.1123009525,1034369.6915753303,1412960.277758237
430,530589.1418615906,1023201.6894541421,1418222.293971577
431,446187.50084390416,979382.4183524523,1355755.2346179963
432,399418.22254850785,956290.6714549528,1282622.7260541874
433,374253.7261802354,895178.7835564655,1268556.8691849143
434,362005.1175149303,916314.0115509835,1259700.1468714194
435,358201.8451530827,927236.373983972,1266114.194719057
436,378107.01297590334,968250.5901484484,1333435.082660346
437,414695.9406804576,1068573.366250895,1407489.5010288253
438,487622.38570962823,1137705.5001990225,1458628.4974090874
439,540650.2518757824,1169735.9977133481,1493167.538440698
440,569231.755435775,1185453.7369932134,1594008.6317609
441,588092.0488768677,1219472.2850451022,1676458.1775383276
442,595457.074994277,1283872.2189928067,1703151.0743153973
443,607861.9087967607,1285645.5104444574,1708207.05987662
444,594891.3517101704,1283181.170381937,1662384.9148102663
445,549323.9404421586,1121395.7586309602,1470799.3981424626
446,491500.7224714979,979999.6529869188,1274689.6235399381
447,465983.6225360905,865498.8960962023,1136021.2119124462
448,477540.4006319205,780435.390534481,991235.7649205416
449,529235.2245956325,792314.9860694661,1005649.0188564146
450,621961.6406999674,800954.8689851008,1086163.6418288564
451,619444.304030419,836300.1937689116,1145618.4609360325
452,577951.9234581357,861215.3056854756,1155083.8063153867
453,531725.932185887,905130.9900757505,1215180.9681237733
454,508862.38151233696,902717.4776689839,1247089.350387844
455,453938.6574669384,895457.1906871842,1231634.8940488733
456,383074.7070693609,896391.8879254025,1189829.7956449126
457,368619.85240539897,875388.6731933942,1212485.82204604
458,353405.4510541909,904901.7125325716,1253483.5856663298
459,359981.70089441864,958416.7349979562,1289173.9713018304
460,382226.2789245645,1019190.2946856548,1372397.1077782887
461,403355.5311437263,1089996.1450501885,1438606.8670348139
462,452778.2347807181,1178069.6128317548,1510967.3747601272
463,525130.8096968763,1300800.26051257,1617614.7404375558
464,586912.656640309,1355979.3740490286,1719702.5899178034
465,619729.6646960303,1400459.660853463,1830364.6785333005
466,662203.8145204139,1444416.6682294838,1907653.8593960558
467,643804.6112444821,1488212.4335730656,1920636.7204269785
468,621114.1038419747,1471715.6344453325,1904792.6759193386
469,586176.0219792161,1346839.2291457942,1756803.3787241306
470,567397.0224809615,1198414.8373138967,1598762.481373609
471,537769.200105736,1063470.8305975653,1462494.7884908735
472,547970.3085040334,992842.7679385287,1316414.3337050297
473,616722.0910719495,987004.8819656546,1282822.9454151173
474,653918.814241993,1018419.3498566288,1353091.2292744608
475,661000.5452661051,1049302.5852720074,1388658.755328518
476,647054.4444696676,1039632.3759938168,1400516.8730462
477,596106.8422496812,1094877.317770964,1478432.4123423023
478,544652.9625508753,1153737.4305110408,1531986.0400301958
479,504769.8481125054,1187272.3863010479,1573127.0040006652
480,454268.2396241904,1218362.4345265308,1592361.3436525362
481,450860.07308699476,1239365.7846005533,1653829.7256548118
482,441528.30144087016,1280411.2722617623,1714421.4317060488
483,443281.8646720799,1324458.2290709526,1741976.447024931
484,461596.6184405342,1378750.2990184175,1802452.374013542
485,478761.4199215909,1456150.3111279188,1854213.6579947304
486,530794.1312395121,1511910.8317507291,1923594.0290060283
487,599051.4462436477,1623294.4257820596,2018035.5082050115
488,653161.788554511,1605764.083127731,2073535.5481469387
489,718894.6710455746,1641475.8325165724,2144477.7085135356
490,720417.5728601372,1661888.237525117,2197051.4540156643
491,738730.2513475637,1699025.2823745864,2213542.4527087193
492,708756.5175288299,1650380.8484264347,2171069.3495526346
493,682520.9572628028,1551789.0257089569,2017176.090469681
494,617583.3022582501,1345789.3579171924,1827702.6093452966
495,568333.0989533096,1221283.8949538905,1626154.9361560617
496,593218.1440005212,1175668.8083567459,1516851.0173349932
497,660579.7720341375,1169130.1900121013,1511231.8975384573
498,695202.845816274,1166401.1325954306,1518989.6059167404
499,724654.0056907869,1152889.5006463767,1513409.9097507207
500,664816.3066271555,1136128.3116553854,1527481.4357610915
501,632883.9140531046,1180482.7335924676,1596298.3933305754
502,555431.6058542336,1197701.642311966,1614544.8414592757
503,488286.8861699719,1197448.509520717,1604847.6866643182
504,452975.81232825964,1194120.7451429076,1578368.8233118276
505,431113.83260520647,1184687.9763433775,1617765.665062379
506,433580.7926536298,1235527.158666614,1660616.302231571
507,435162.91770468093,1282142.250131627,1688786.9860778335
508,465706.15209093224,1323484.6870026207,1759550.0131822408
509,498461.2064606185,1421070.3558973437,1838202.3802546784
510,565595.2232163021,1501740.8549048577,1868905.19652724
511,616984.157941609,1519402.5000311246,1919473.3317864216
512,641833.9497895788,1522571.5583510068,2000284.489824205
513,665596.1155118486,1529694.178836888,2059439.3444313975
514,667198.8242574179,1564198.2861852536,2048456.1103518594
515,648261.9606670308,1540695.5482667221,1984587.1018167194
516,635692.173706388,1542662.5850019094,1975667.789603355
517,581698.6090764881,1386951.6690187058,1768981.6140684097
518,531105.5764617382,1254686.9811627115,1574131.3762254608
519,513133.0612863286,1138660.193370189,1415399.3259023633
520,533640.2140154877,1087716.9516886862,1325485.2488637604
521,605499.5939937015,1065903.79285515,1304753.1586564488
522,637068.3597715357,1050397.3683784236,1327866.6165198083
523,635784.7696868777,994285.5407686466,1313581.4007266827
524,599112.9323584959,979169.4021713666,1284554.7507065737
525,550890.7721333331,996472.3800280802,1334427.3302355413
526,496596.9190070306,962981.35819231,1346656.816318557
527,427486.41104210715,952491.9631542558,1303804.4269807062
528,395514.1603361989,920010.1020880521,1246626.2651532423
529,361790.4743481963,884571.697136647,1240394.0256696385
530,357098.09894812107,915622.612793544,1250379.1666845717
531,358601.69894258317,939982.0335532019,1269675.186732739
532,376677.78143371287,971140.2521416363,1318484.142358736
533,399468.25588467903,1041879.5803067284,1385134.1399868238
534,476523.8871374376,1122880.6753456476,1436716.7563305055
535,563731.6059598848,1169130.405289671,1475013.0605163488
536,554412.5209288094,1180856.175443932,1587535.1960739763
537,585463.4471067729,1171407.3463616772,1645848.3888856005
538,616047.2528655306,1251193.6870037753,1696330.935635475
539,594254.4109741632,1248801.4934531553,1639857.915960566
540,556771.6270036682,1200608.5276636465,1572336.2255905168
541,493388.7760438285,1020462.3046140837,1331321.5620354044
542,445695.8305711229,870747.68971476,1099067.13716375
543,419231.8975621801,728785.2656816039,940562.573396652
544,434288.1450304991,692903.3774894582,861072.9644207205
545,517399.71134161367,685607.8032840941,851464.7046288411
546,557280.1861900778,712109.1923324941,885892.7129698553
547,573227.8649356753,697488.5546158309,939856.9614932229
548,554290.2007315732,751386.6441837623,966318.3174332158
549,503463.6839723307,778495.3282814228,1030904.0116094061
550,482134.1087420712,790423.3244783437,1058212.567404522
551,398284.03549108555,781103.4543512025,1043291.2664462966
552,354506.31962206453,746163.1865952619,985048.5765914994
553,331665.06172302266,714663.7466662853,988521.9082712819
554,308298.0833661891,745477.1528789429,984431.156616577
555,305018.63496143004,763819.1099708938,993809.4731160448
556,326754.1471492637,771406.175315414,1010084.2989535398
557,350688.2129346343,836997.6504615224,1047657.2656638895
558,403476.4379076032,863429.4458245768,1059787.7376731455
559,484125.647432938,852920.4595080181,1061041.3221946324
560,488418.79682116274,860029.095741476,1115107.4808044848
561,477128.04899397545,936003.6944000135,1230584.186412887
562,496812.2116958678,979345.7858459874,1262032.8237732819
563,493411.9031403452,996132.5734661032,1265981.6464809766
564,495604.268134345,1067665.3565859655,1352609.4215501817
565,496478.1687083253,1121141.947037081,1417700.6954120812
566,498554.93292026466,1138839.066946074,1405205.0879923773
567,509943.3690754242,1163048.9589134117,1384603.9016454949
568,532001.4490407348,1081803.8650019947,1286961.785500721
569,596826.7042915628,1122884.7698940716,1348929.4144891982
570,669315.5699075832,1180761.233235226,1454595.2531542066
571,678016.6902189796,1221555.7709542792,1553753.1954993913
572,657548.6599254912,1248044.4702244536,1601457.744871062
573,626484.0791580622,1313126.492925671,1717090.2735696672
574,604804.6810030699,1344417.9395084602,1822746.6231823624
575,545584.6141458902,1421422.305030657,1838794.4609240044
576,510417.65621638607,1431919.2375455054,1872050.0734872771
577,499789.43541351886,1456305.7061879542,1941275.2166877273
578,497158.28742333775,1512363.9825024672,1976803.37043103
579,498325.4103890001,1534392.2277736017,2007339.5618407223
580,527459.1237115252,1560740.5160865593,2053005.6810320679
581,558384.0769995499,1631237.625246118,2120290.2870768565
582,627593.8184435513,1673050.7767797885,2165943.112936504
583,684980.6430715229,1717302.1100451918,2218556.607502278
584,699685.7298646871,1722160.7101601379,2280457.1185822333
585,722098.9015506654,1745889.6741461586,2295768.391183188
586,698493.1161573802,1702996.98157968,2297030.3204351435
587,710767.640793483,1702836.8097834005,2245590.837993998
588,673948.6641315453,1685203.0508655566,2225796.6395276943
589,620308.8259477217,1522107.1101992992,2001080.1477273423
590,595092.8500288415,1419417.6045277945,1794808.6834629013
591,587481.5647304408,1328241.976523049,1639551.916688477
592,598579.6718330617,1249727.211230141,1526551.5754216092
593,641483.3075660164,1222283.9424298885,1523041.0815935857
594,695086.2874229029,1214530.8068676218,1556363.7942577912
595,679718.9836446523,1205328.945536945,1574365.741633738
596,674597.4360953596,1203259.7356004603,1565403.563833152
597,624949.5164733981,1201866.9092247316,1608104.176621749
598,563948.284168844,1176273.765529769,1610585.6668537804
599,479489.65307693084,1171273.2664131501,1569985.8489638192
600,444606.91973370075,1145430.1741616926,1547983.3467841053
601,435673.35186601046,1140767.3079655059,1579576.1373221802
602,425616.4748111304,1191921.3935741591,1613270.9446553374
603,430673.0902144944,1231838.9718200935,1661768.8729152454
604,455246.3984607799,1271668.3855891582,1727688.595110061
605,505384.33318767505,1372193.8806275572,1802508.027030748
606,584648.899440116,1424300.4418516464,1857854.6582872882
607,622955.013879439,1510645.363928277,1909919.5691173077
608,651092.2829439668,1505646.998032283,2005831.904522889
609,672117.1663398026,1537535.9248153968,2072527.091713418
610,677253.0364418842,1558033.0814201173,2085077.4489314319
611,665840.0870948562,1522565.5171059738,2055835.665854527
612,628481.2283714991,1485958.3005239216,1957936.5648321616
613,572416.1532120978,1318335.2023001048,1739918.2648054853
614,515967.83932258474,1191255.1245507775,1532847.6075719066
615,500906.3535952323,1065168.4129296558,1377478.5072476182
616,515157.069067883,972984.74924095,1219825.812401244
617,589613.4513125895,937259.3395613419,1241121.2316328664
618,641180.7117937721,966624.7890341411,1298609.9220022133
619,656764.3337985703,1001584.7863556563,1372429.2319444658
620,622596.0838154637,1057090.1225206084,1418927.5275777509
621,589502.0828870283,1101698.4725240697,1494069.1316013956
622,532633.4020047259,1105624.8066460288,1526685.7391720626
623,461456.6094856793,1108280.1858266385,1503001.5200259476
624,445763.96744006884,1078881.2601610357,1486032.5533370995
625,415518.0853494177,1032424.6240494294,1465447.7094123191
626,390996.389136395,1061389.4398673524,1462203.3071397387
627,386804.11056687374,1087074.6153512688,1469863.8980608608
628,400311.5101950637,1136748.9519712233,1515571.2743802508
629,419282.1260572064,1203750.6360972787,1567830.9646364816
630,470743.7100439895,1241378.1207689133,1600128.7023426895
631,529441.4733846697,1310983.599389203,1654686.372053862
632,568568.2869721871,1354685.7896307956,1711200.2893042786
633,632477.8358101958,1374099.4394235031,1769934.8383934842
634,648533.0702043165,1370756.0073129481,1814624.9650412444
635,642335.9153556317,1380599.6208324898,1825785.4498307086
636,639356.9389129902,1403120.760259182,1833152.2851366193
637,615463.0133601831,1315469.4732436417,1737565.2096928766
638,563534.3866230972,1199227.001802846,1616602.4047628734
639,531325.1253863205,1051837.1100614779,1469421.1054969563
640,489568.8417558749,721390.1241554015,951269.8808363869
641,565016.6929359868,770614.6332731319,1041240.1394626306
642,605988.0540724008,803512.1362669293,1072951.5928883
643,628888.868379262,821249.0663786454,1116496.5076111932
644,586090.4786237405,855774.8617628224,1174384.4407934893
645,531615.9190038671,919182.9657321646,1245182.980535159
646,495342.42038174265,930677.3657090376,1282113.4765512294
647,417293.3260283214,938833.8839135383,1268977.34371402
648,390880.0592759185,948991.1077407745,1258241.131402518
649,378689.2183134493,915569.5187276703,1265487.7933109822
650,374213.98767466884,950749.7842962262,1308138.717720679
651,363030.37177466584,986831.1633560653,1334811.6754299533
652,384604.2929428094,1049247.6186960007,1405687.3652165015
653,400425.84327183757,1124055.5388836572,1469833.3727757419
654,447882.01660890115,1165139.4489868975,1506563.1368547091
655,504838.2894445766,1243866.5968129227,1569869.841250708
656,549639.3502294428,1283317.1988726498,1651180.8071555113
657,608578.9383899091,1326647.8375511242,1755351.6666745057
658,631513.6275630223,1350819.9801359063,1797453.9617698372
659,622170.4340148254,1388277.7655181927,1803036.0841633955
660,613827.7116107404,1398366.013438188,1794123.0689865754
661,601337.264609347,1371593.08141644,1716148.9599443565
662,594747.0006596955,1285378.3823268937,1661889.4725990267
663,600381.8655294242,1229810.8860566483,1603367.924537226
664,612714.0708229844,1166757.6640759464,1492997.5196157654
665,618624.7309014194,1061318.6689963306,1367103.7672635082
666,607478.0253386303,934076.7560549024,1259958.725802756
667,624333.5642148785,818544.4007268146,1137202.0571699769
668,625114.6286702467,805578.7426189183,1114346.630700151
669,564401.9166547041,771656.7974873089,1115642.4881977139
670,500152.2581067692,787882.9462171289,1111953.1907835738
671,420545.10526087816,859490.4539619675,1103385.4064769547
672,392493.79728765204,847820.7044172925,1091068.4791767197
673,346671.05068202614,858588.1577446484,1128066.8030181187
674,344107.0009288261,909905.4450995078,1194001.5847260049
675,345546.1098927416,945859.5969248665,1221356.1580401084
676,357361.945276382,954505.23859606,1260601.2618566637
677,395010.54288473405,1041219.2072278404,1326824.4816906208
678,473580.1178414481,1115601.491480404,1395617.3443724655
679,541661.3655522199,1201496.5959017985,1456769.6080391544
680,546018.0495345902,1176041.72535412,1532431.039957463
681,560553.6369115349,1219002.460870427,1595677.1731788057
682,567915.4641137167,1255294.2234476907,1614474.8306325884
683,549493.114782993,1255642.6806278676,1583911.0092713328
684,553493.7313067808,1197838.7983067953,1537401.6729305214
685,493423.05501360464,1058583.7165332276,1358089.2691110254
686,447796.4943809126,918625.1699458753,1190926.488034888
687,441291.55756636424,829794.1359524193,1055016.9781365956
688,470740.8291122988,812037.8379567148,982914.0494227782
689,535684.1125911501,835328.4188872979,991130.9922080945
690,603975.8825013993,811904.6314982913,1066351.3694128455
691,591454.4718917494,859372.4701751847,1134755.5505995282
692,591660.0893260048,900147.6888992985,1193463.5730971515
693,531784.8907949192,924586.7543028046,1272832.8331166336
694,489782.14526925766,942588.1725191766,1309713.4154809979
695,423512.0344422539,941859.3236996467,1289370.9916967202
696,395081.5441217348,929439.305528044,1269450.077836006
697,369497.81296553416,906387.1811423467,1280677.7401102
698,363105.74714553676,956653.130439505,1305771.5573770585
699,368572.95177653746,993330.8060632319,1338584.3955835074
700,390610.57056435576,1040592.8963621609,1400947.7481384631
701,430821.61434739304,1107929.8639041048,1474337.884278732
702,511467.3783327798,1177699.3445937284,1518056.7355989725
703,565987.6709488467,1224300.9796304442,1586143.5649950316
704,576202.7884315258,1243519.2640701716,1644882.7762798148
705,589692.8048902558,1228880.6011655105,1690473.5926464014
706,583795.8461313451,1259443.096969902,1712589.5708063436
707,573961.0207211548,1235925.8516660891,1652194.0286829525
708,535060.9784256923,1140007.2974191164,1537989.0509430964
709,490790.19506930246,968717.2952642493,1312773.0949724545
710,453643.4192933004,838435.0430664711,1112771.0198600367
711,429841.96227164636,764776.9695533828,988920.6205143512
712,453411.57959235477,775324.2677450873,974115.8328703439
713,566429.1254528681,800794.5254232418,1000806.3134643959
714,579514.9316081085,802353.7264383209,1051809.0600648064
715,595086.2004016214,797136.6801151801,1093023.9704392222
716,571206.4953745963,827982.707155392,1109304.6673183206
717,533499.2810301896,884912.0700601134,1204053.3053559414
718,490220.9415258134,892043.6854277698,1238119.5677804018
719,413655.88707284303,912395.3261828498,1244108.2026166108
720,398397.41412542644,920292.0405609794,1226952.698458534
721,372867.38944472064,928827.3668268439,1285579.1200554154
722,378945.64490956865,1007968.899154886,1348634.6330808587
723,385279.2199025617,1083681.684865815,1423007.7714993674
724,414131.28831243946,1157069.958830368,1536785.2878464835
725,449985.51657435956,1271622.669550033,1633986.9302760614
726,535418.9361251338,1337048.774613262,1709627.8356726053
727,599630.4642967249,1429331.4665330965,1775336.6043620016
728,618569.0691751433,1445030.2782309393,1895086.83322548
729,646083.2464312811,1510690.571334325,2021810.6305123747
730,677074.5398330722,1582730.6135162353,2070366.8879894952
731,668248.2386901029,1620827.9867597588,2043935.9287831096
732,639526.7321030918,1560103.6095957952,1990410.8458639705
733,590416.007548944,1462099.0407750017,1876134.1737947874
734,552808.4741545051,1361823.4177212566,1715634.233485583
735,550277.3806018222,1294621.5267619842,1624830.044627929
736,594261.1863230222,1292096.8750112818,1572133.004790049
737,679939.3576620437,1333399.8988309258,1622909.277464831
738,730993.3006610317,1299392.797575187,1648902.5184050277
739,700953.4490385288,1284035.1036145878,1663721.4311957704
740,659600.8490067173,1265378.2545415345,1649917.8241696474
741,626836.4105492131,1292269.3214397095,1729844.3510811634
742,606224.6702421829,1302904.7618728331,1767231.8605195538
743,505688.679576955,1269705.164864204,1707110.8496728495
744,466862.1159815724,1215268.7768289826,1654048.8465070531
745,441456.4061933303,1198131.642007248,1651281.3689259177
746,436552.3138446411,1245663.102739176,1676065.798159217
747,428120.97100682696,1257200.7426762558,1673559.860138829
748,448833.8047082532,1264406.8751855674,1693406.237829472
749,474491.99267626257,1341892.5229532719,1721411.4657294878
750,536492.2155966277,1355560.2720654751,1709152.0029119719
751,578983.846764711,1343968.7852879118,1672068.625638644
752,559663.4872910599,1281025.8394235405,1687163.3483327911
753,572890.4723708539,1240694.585798893,1693427.6175951646
754,602485.8026215846,1279134.3380318575,1660241.6540548636
755,580690.5647390315,1246992.451144154,1600058.1054644461
756,529649.730152368,1146863.2080228291,1505818.3773877795
757,478417.5372227338,991719.5896785823,1290636.2289986329
758,454171.24471221777,854267.8565346826,1107785.414741206
759,447175.2300705085,771475.2036802865,945774.1624252568
760,463649.33912195236,660097.3430939661,810359.8120715506
761,528573.0069918298,653915.2195463626,811412.6576835802
762,551300.7981821622,641076.5691573408,830631.076669451
763,561528.3772439926,621934.9151867427,858448.8034746981
764,555398.2719522245,651212.8223402087,894380.9183859574
765,544766.4123370118,701662.4698942474,942771.3385681683
766,466584.28952617565,749851.7909264173,1027445.1791283848
767,385939.9656136071,729949.8637816203,1001375.3491413513
768,337400.27006501483,714995.2992045063,966854.9300028305
769,315996.1798485678,694272.7400346241,985576.4718843374
770,315273.1840364716,735671.509067568,1018358.9985498145
771,313564.6050366059,765101.6985058545,1044986.6668918866
772,336600.1938752523,810895.0934117022,1096711.8840109908
773,362464.77095386985,896593.2989002296,1159207.4674033776
774,441245.63990004983,941195.5840777799,1183990.9922164588
775,511900.1729771539,995778.2677017868,1247597.7272218799
776,512121.8341337911,995122.0471089508,1320453.2029455095
777,511302.7725127592,1011135.950395478,1375444.6776886536
778,516338.78551534924,1017891.3242451485,1348977.2632725153
779,516915.61361213133,1009899.5905241297,1290363.4477645291
780,479766.2682726301,921893.0151341662,1207874.1618809656
781,444092.09396197007,720317.5546484087,922929.5587142489
782,404127.61211497517,558444.8193260552,718428.431268058
783,372997.69319341436,468633.0037521806,573838.6502442058
784,399783.61274022196,421350.00426679367,494772.23940974096
785,469508.06987348845,424685.44784973544,508428.8416961643
786,540276.7039524133,455558.1685561837,579596.0481929453
787,524008.06012991717,479757.5191203431,638110.2310377586
788,520056.90684999456,493212.9560414002,661803.0531264094
789,528622.4965220356,580526.9986818554,793761.3205991964
790,463256.4423457986,636059.7774202076,889972.6742643055
791,368934.832608398,747345.8464307988,965267.7270457947
792,335863.61379426875,764365.1907402385,985344.6851880951
793,322240.0692426685,745873.2932614745,1019606.8250987836
794,317321.75840118,790457.7412928909,1049151.7499130864
795,321463.3003261832,812209.0160052279,1070429.2043528985
796,333490.45351384697,842816.7983152,1108095.838876311
797,350829.65753711876,916685.3743923089,1173324.259052518
798,387914.90045930265,974074.1575177332,1220511.7415177189
799,453250.68842721527,1049296.1395743426,1278268.3146237552
800,493841.17201345385,1075362.9717674018,1353756.5426581935
801,549239.5088305196,1088258.1444992956,1417101.9390505229
802,586255.1053360377,1120265.1990210135,1453565.5783040537
803,580936.2159257554,1142406.3743067805,1486966.2296749349
804,599289.97509417,1161117.9906349396,1535856.0710209366
805,564924.3787542209,1137703.7086881285,1502517.6016717663
806,555244.3390349485,1125405.4810240252,1478896.334978902
807,566005.1227384225,1161858.7796170437,1465072.1447941621
808,580290.6640688357,1111271.6635020766,1399599.3482986244
809,642072.4122247256,1090571.9159890646,1382467.40949008
810,683266.2220374916,1103747.093151402,1417823.827479622
811,703789.3720985719,1101913.2406919848,1406483.8083268215
812,696987.6155671825,1070400.9010435715,1396448.6777454652
813,609981.5539004455,1053633.1273030438,1416770.2959583
814,533027.5824115976,1032958.780807096,1421043.9406187516
815,446890.4798880909,1031146.7410364167,1398933.7853133124
816,396416.43846974825,1028430.963452985,1361783.8511740493
817,385958.455718586,1007268.0588948462,1393637.4645366052
818,391552.94839348516,1073787.1803357585,1460073.6530923923
819,400705.1960440981,1149064.3345050516,1517413.8503685717
820,419808.2561230804,1214192.4097348372,1601775.1097993017
821,449541.92223084025,1314123.634215807,1696900.0406566942
822,503956.195770691,1402631.0265151877,1763690.1771600582
823,590096.8713172682,1493742.574513124,1871486.5954030734
824,668293.8326451441,1589250.5063502814,2037139.9104204443
825,722021.3221102458,1659506.7197246344,2135436.962204595
826,714332.4271900994,1720153.6623135738,2203996.077048267
827,705909.8837869745,1725312.4903474266,2241733.9127955716
828,708959.7449752049,1664125.094832,2158688.6947117858
829,643152.1384353836,1493979.1967476718,1959020.5565758932
830,582149.5996657319,1328601.3220243617,1769771.0331030844
831,571422.5403352521,1209905.0887930784,1602285.1544133413
832,598073.5834260982,1149828.6228761938,1520882.698483336
833,640442.5559640697,1149395.1725308492,1498586.629945165
834,672213.1739296643,1175942.9142104653,1538932.4249677053
835,701653.539926404,1161633.05843726,1556630.9649630839
836,693521.4205008912,1193411.2500282272,1580858.630110864
837,651972.8598428089,1243444.3558324927,1666085.0118078531
838,603654.171202815,1288147.956836516,1733137.1753014554
839,530353.2403489884,1332010.7655326768,1771020.301135726
840,505977.25315515423,1402984.6889648945,1823718.7736983902
841,511707.5171920006,1491313.7110491649,1978826.0781464581
842,525428.2934879388,1622087.1369294813,2104797.564886406
843,540658.7487908676,1722168.738079333,2209873.231901184
844,571741.2676081572,1798767.6726287515,2333101.5601129024
845,616394.0784862189,1930070.214440424,2423845.548281465
846,700762.7271980386,1984538.853234489,2481322.7206296413
847,771214.2281296763,2029619.2411642214,2551586.579975943
848,737518.862854138,2004175.0197182712,2588964.927984865
849,767476.9720099693,2003920.0567284923,2627310.4339406216
850,779638.2014843962,2041714.3301466769,2638219.008818698
851,757418.7795357704,2018120.0858429715,2569887.0881013367
852,757707.7873010925,1976368.3070891413,2512210.50179289
853,675063.1839726998,1825569.112182592,2302134.2861007303
854,632011.288612455,1708194.717154788,2131520.967704563
855,617187.21023222,1586800.3130430623,1965611.497057084
856,625043.5122102489,1547327.8742979788,1888246.8513681458
857,696339.842277022,1570097.8066443945,1920565.319444706
858,760019.5954715394,1587003.9592110647,2003879.5158526255
859,784615.844754575,1572533.6502064185,2035546.3800234895
860,743141.5657362107,1499896.4798801155,1974273.0215660727
861,699007.3334112446,1551348.732459842,2045864.300318604
862,653464.2593715475,1572180.9718471123,2097193.7921072138
863,584258.8608502998,1560049.3931958068,2052512.7465478776
864,546416.3374305716,1551923.9622202409,2041797.041299281
865,526927.3160189528,1564921.472743452,2068050.276956305
866,517568.71432670153,1599192.4624606536,2130803.577622448
867,523939.1187355638,1660605.0441878915,2161202.8275494417
868,548442.6879860099,1680077.532963152,2213931.7793606706
869,575731.190569782,1761435.4013004364,2245515.458657163
870,645027.5099632116,1788411.9445465263,2253335.0946370293
871,703633.0004893255,1846377.5445935002,2291536.516460764
872,697929.709033316,1771722.7072510936,2339478.965824843
873,695718.0828245181,1774392.2994523488,2352867.0520389215
874,706200.9747555947,1760457.4166148414,2308842.555830938
875,688446.7713098051,1722095.5807415876,2230243.85917755
876,673727.7310409332,1625108.306877934,2139083.693331412
877,629579.1980389466,1475021.605758758,1906306.1028680974
878,563893.940980266,1338299.7056688687,1701236.9338024163
879,531038.855437956,1209672.2833794623,1531545.3831129787
880,543437.4252731575,1141424.193495429,1423467.840921469
881,610453.7950690009,1117091.7679706102,1417597.4326393907
882,639146.216805727,1114650.369501816,1435487.262399703
883,657059.2604534548,1106685.2081533202,1478095.9500394813
884,657850.471573672,1123938.0850702152,1480547.3159945346
885,600819.3090287035,1138757.3887704236,1533336.2170679467
886,557516.7423238157,1101968.9134791018,1569120.5143241815
887,457536.65695952834,1088991.4502952846,1513199.8681175716
888,416386.28961813543,1063285.8186849148,1471077.0795712112
889,404724.28965664527,1056241.1368415586,1481001.598536937
890,398522.0661085231,1080241.2123913586,1515025.1566526543
891,414899.7308763215,1130229.4510224073,1550349.881875103
892,429361.9165742381,1172954.9708377463,1609122.278317412
893,465370.3437184198,1279473.021005628,1692896.8455619467
894,545764.8397848405,1322075.285617102,1738836.2381944372
895,614030.7023310986,1363294.1363359303,1797759.0851745137
896,603858.7167501285,1358267.6548076086,1876077.2317422398
897,621269.9182773816,1407531.0846587312,1935516.7833089589
898,658409.0957127406,1413715.5689859574,1910903.9348592306
899,650168.9935201242,1371803.4411093527,1831662.7031561644
900,597710.1100532968,1236156.0045581663,1682863.7342386332
901,502575.51945472206,1035517.8529244174,1406330.2939397634
902,442648.8342632614,913934.1394748542,1210291.591302018
903,454054.27750813967,807017.2568110202,1064305.5728468932
904,489469.9639703863,715245.2982387795,851773.5259551092
905,540148.8844416104,693434.3675645887,863206.8897192024
906,588922.497833498,691006.2481856075,905055.196411018
907,584293.2955960147,686411.074276712,945558.2511751285
908,575719.0129190119,717211.1212866704,947243.3059568817
909,555896.0901091376,729116.5221313116,1010844.6812567966
910,503335.8994332529,743862.9177720376,1025425.4678877275
911,408217.728382286,734572.1946183547,1007275.8992693551
912,354919.58658727474,723143.0246057214,960320.6740318474
913,337381.2665740046,692666.212316869,954663.0472477901
914,324512.5917003787,708604.0856246753,955418.5634996146
915,320263.64819298615,721094.6027332834,942809.2678640028
916,333504.5749349351,738141.5130057752,971620.3915159409
917,363326.86211079225,797864.502252779,1012206.0807907936
918,419965.40008496295,838243.5503226775,1021904.7076553784
919,468194.36105633626,860674.8316606575,1058013.43099457
920,481458.8843006608,865665.0664401401,1101419.0027042602
921,513330.26687850535,861049.4856988685,1141156.9991331853
922,495603.3461637086,855398.361419729,1104785.9777991043
923,470450.2033286386,820978.4173140381,1028864.2046040151
924,468422.0686988427,771289.7737409833,969984.9797247372
925,407202.3765518898,637164.0973813055,785815.9318353736
926,357540.2327960406,536998.5959411638,649441.0378796229
927,363828.08769832994,473612.4773472134,568381.5799883505
928,402319.2728561868,472843.25646177796,534388.6060435327
929,462862.7553171278,521249.89099293196,591331.5457877677
930,525191.2114783053,525528.056486251,680273.4597908163
931,541604.3482725243,576806.1543941277,736873.7184728489
932,542851.0921310637,605657.0711597523,793359.96898401
933,524272.04109058453,667582.6291906389,861623.5235374646
934,448011.7718495641,688535.341275094,957390.9906194706
935,374397.4112194889,735830.7341326495,984449.0852583627
936,332395.9325341528,745033.3158476091,982489.0242765112
937,325712.2329738224,745159.2747447774,1016293.4604751392
938,321136.76406484994,804313.3529466772,1070094.1278061927
939,331791.125035593,853997.010808009,1121269.902999205
940,355822.75261369,899755.0147596401,1190948.5193894617
941,383370.5695150918,963328.4864096859,1245568.2259657236
942,441470.54866858077,999789.6987605589,1266521.2992567283
943,507994.93315136764,1050332.3982904493,1309695.8795178358
944,497765.6994337403,1028635.006914362,1366115.0442798743
945,522473.50894956064,1023704.0693796668,1405360.0766652732
946,528474.9581086293,1069756.7271824158,1389272.4453116034
947,529430.8013424453,1067783.334975556,1352602.9704886116
948,489028.1993218624,1003923.1065315817,1283563.1004248164
949,457494.07475457306,869332.1319191708,1122602.9253579364
950,440528.8893178717,777419.2244751089,992622.9081013049
951,428026.8443895034,713113.0878533566,894317.9932828903
952,436303.327341488,652260.5234589393,787901.5670829259
953,483469.9149091858,652716.2143030856,790472.2729151136
954,538430.6813689016,666673.7842403254,846753.1807108792
955,560256.6169260548,649093.6084952236,891124.4519472693
956,545588.7805749018,673224.6182384954,903065.3405917111
957,522229.3767672925,740454.6864317285,993888.1388484676
958,469490.56589913025,747767.8054402696,1049288.3008054963
959,390906.8820276268,768721.2439942459,1042097.382169643
960,353911.27918848756,747885.3858617798,1013393.6480677247
961,324531.3621326929,746574.793448707,1039872.0366876948
962,325553.9004398947,775439.3592963851,1075534.271701518
963,326197.8358129517,809855.9288057499,1083400.6309829496
964,334684.9393383109,844731.7007046624,1119138.1122921368
965,350754.10094119183,907409.0221667642,1164539.9535201062
966,389911.5197337619,958151.8946381727,1199286.0181263948
967,448075.89389080054,1020913.155670818,1241891.3621975577
968,491901.6535906082,1061592.0172693296,1344317.1840094498
969,537167.4307866658,1076000.9864025991,1423091.2791379157
970,564328.7835174246,1139606.696265335,1465413.7126870581
971,554620.4382027476,1110985.5600374958,1469735.9178494243
972,542570.339352287,1066347.3625530088,1421258.48336891
973,505069.0602800869,944863.590448626,1250028.3499158567
974,458126.6200940675,770175.652838384,1089892.3141826848
975,478807.4306572249,684299.054690828,945960.5112685869
976,471297.0521480316,594691.6634469074,776948.5288840756
977,544644.0737243153,604385.6703026653,774984.6139925795
978,592264.5041100743,604991.2870032405,794878.7607340397
979,584640.8274441342,562068.7999909864,801896.3855005965
980,571736.3197986605,633330.746746577,855204.4205395456
981,526669.930451883,690520.4275872017,919907.1701899086
982,481748.1963786557,615568.0305434226,863652.9177970813
983,382889.21719825605,615534.9002018317,827342.4164172213
984,320285.0709021088,643141.3781246775,849585.1174103781
985,297204.5456690814,616550.8708054704,859439.0157060772
986,288019.6047934684,655345.8321841947,880856.0042039743
987,288518.10639687075,685024.7134502046,899464.8552530606
988,304667.2038027722,715348.4798476278,935992.1317557584
989,321728.5231460612,768044.432976226,971087.4118126689
990,360764.1392756867,781023.0946552271,989452.2265239576
991,407570.94364598533,855933.9362783019,1021544.4908095436
992,461881.1243375586,868219.1087615723,1113211.6852534537
993,502135.71263650816,869298.1431419759,1162437.3816420592
994,496473.38747910573,897778.7851493708,1171157.5311226575
995,498277.656786799,896060.2392612759,1159743.0896970716
996,516713.88338715857,786184.5689426766,1030669.8338009008
997,459126.44211038476,648122.5106182653,846872.3728286682
998,409911.1227963474,499197.4320133473,668726.6462807234
999,378486.5158037282,382928.54908676894,498535.58371331816
1000,408905.5728226187,314974.280358828,392881.75682312134
1001,430281.0812589945,339625.2965278724,409945.4671334026
1002,459908.77596117323,359299.3618280774,433839.6798144312
1003,525054.4505658994,366130.4647209809,450804.69997352554
1004,500250.3443143889,402260.34277495916,504620.9080457632
1005,469806.6357273688,447376.6965495808,562396.5744152811
1006,402360.7002031967,449800.5759678136,604584.776307172
1007,327778.1462564734,467331.7297778883,612586.5277354541
1008,290130.1459852856,471944.21804054134,617960.2854985966
1009,286174.61647171655,462332.7817048983,628342.8699333875
1010,269509.203663795,502867.2124965838,654612.8940792859
1011,268157.5061448542,530975.9775988593,682958.7310030251
1012,282700.9569964303,567118.9218450075,733993.1421214406
1013,322587.0284882774,640838.8643862113,792160.7509118103
1014,381607.588559076,649094.8916497543,798447.6908510515
1015,447074.9725132401,660902.7455161808,807643.9562927273
1016,425310.46990931523,614270.7262914666,789506.2363171807
1017,447476.75357712794,625671.0675977349,829616.1367793907
1018,489198.9209604705,698086.8988571883,894015.6189413207
1019,452546.49688911636,742838.9799803704,892263.5464260248
1020,439317.6964207249,671527.025020751,839876.2109182272
1021,405861.79769615555,620206.0219735297,761784.5534756396
1022,373543.4636448916,586032.3218219186,689859.2628965387
1023,376224.13592123333,564735.9320863418,666655.7414452963
1024,396543.41428835224,561739.4169143107,619557.5189940991
1025,480497.5687169194,594680.0954066493,687480.9384755307
1026,528147.282662204,627541.624581306,763824.8192728847
1027,535741.4674211193,657103.4090910992,828253.1523499067
1028,547268.3011412312,682352.6771855697,874924.2807022249
1029,520201.11195414304,745732.3269363074,957829.6117739568
1030,481505.6365651828,722146.7252807503,968854.4680276248
1031,387437.7252494033,716446.8172856086,939187.4947671798
1032,347992.7274751199,704499.8000557452,895378.9337303779
1033,323205.07429462427,676278.9378297961,901810.3171070567
1034,313187.2151240945,688851.7964275625,915398.7218060886
1035,317498.6638582645,696708.9284860502,905695.9783527633
1036,325449.08603228733,713680.8750846332,928171.6947465108
1037,362133.9703309431,776086.6624112934,973291.0637988835
1038,415766.1258057614,853227.377108155,1051238.0040848753
1039,471754.54124413274,909814.3896478321,1076436.339377852
1040,481910.39518251584,903314.6567738862,1170364.2140121127
1041,504274.9316105338,935228.2514898205,1225933.4775753857
1042,501750.2404669672,968478.899663104,1230158.1342156131
1043,488130.145784802,961573.958404093,1231439.4019129097
1044,473150.52956069325,971088.0043375058,1239709.0045579886
1045,448179.36154590343,880509.4571916236,1112546.3681826887
1046,415171.9125463927,785724.5813976661,972278.9138278435
1047,412329.63963611407,715626.9930189262,879350.423568242
1048,445777.77665534505,683582.9405378395,829235.7563906495
1049,498581.8503436749,708978.241258467,855743.8113809865
1050,543695.8577799347,726560.8882364036,936042.7065531098
1051,573778.0413719926,758026.0043382673,1000970.0806861584
1052,548597.867014497,787392.762685196,1024270.2904681535
1053,517964.932296791,841522.671712876,1106645.491824975
1054,497336.7462602484,850294.2593138637,1150782.3977516661
1055,455849.0592987969,853873.5847671528,1153252.2649198966
1056,372528.2162446797,868074.2282415858,1161767.8142223011
1057,364893.49862433213,879922.6916693527,1204006.51627934
1058,360913.48213257635,935292.0442548409,1240760.5486273966
1059,358703.99843470164,966246.0262083091,1276307.9129677056
1060,376390.1771399753,1015174.656694211,1338696.1891640055
1061,417335.40072390006,1103652.7375353384,1423032.8579839738
1062,500333.41945802805,1155942.4798165828,1458444.240348147
1063,543079.6796148831,1200143.0955533034,1495390.8924775473
1064,543338.6704730748,1226124.0730377354,1589510.6077391533
1065,572606.2260465344,1236014.7501411166,1638796.49170174
1066,580570.8567489857,1253356.5072010248,1642592.1134600139
1067,556606.9010111549,1230568.5653281799,1562279.14632924
1068,527985.857042363,1131748.8188360175,1500327.0314271394
1069,481712.6922955699,994473.3285262769,1277900.6299148619
1070,431522.48202530044,858410.0758970253,1079102.895820831
1071,414022.84152767446,725144.9810587822,948287.8854961914
1072,448197.36008029757,680056.8156804735,851565.2262363345
1073,527319.1554380405,665780.75639164,828783.2380145809
1074,567563.6390534486,673089.8107612549,830353.6155423834
1075,551818.6231770723,649652.8061611527,863209.4920596558
1076,530951.0013598248,748129.6024843719,961900.6765454521
1077,524402.5742544535,785398.6762459174,1032254.2882630085
1078,469813.7637457215,790164.1580480078,1093035.3632539767
1079,385426.29804552265,769183.204123671,1063711.1471773789
1080,349841.03779776185,772180.2696318656,1029273.6577100243
1081,324055.41195573175,750594.6659864149,1049749.183601032
1082,322851.4362213184,799200.9671723888,1098662.7621927413
1083,329555.05512698554,862197.0338371645,1145769.2021814543
1084,355803.2768207984,930391.8256597146,1234555.9413664236
1085,388978.5790163963,1036379.4931291699,1326046.8790920775
1086,471260.1701897757,1128868.3777756044,1397033.238741142
1087,556114.8594316477,1174636.869239342,1444344.2489902016
1088,565411.9815480652,1180652.3735060266,1550748.288643
1089,578563.033683607,1216203.4360848956,1601013.970663536
1090,560164.2288424232,1232335.5506728112,1594503.2365852292
1091,566337.638589251,1226404.0481968373,1541993.029056154
1092,532018.8841953294,1146116.4801693354,1454098.531098364
1093,476121.6665963314,998054.949204306,1255944.7608142453
1094,429178.66922960506,838717.044986535,1048257.7445407403
1095,440392.10191195196,700130.8999996044,899618.0042047534
1096,437651.3974675222,638368.8334748815,778011.5496187712
1097,485163.5868973559,614876.3633865172,781627.7493041027
1098,553465.243628954,609730.5548988438,792865.0086754664
1099,575014.7399679982,624281.6907099002,832261.1365806451
1100,551465.0176905094,684851.0746679357,929327.980936092
1101,512781.4893856041,766749.3208111179,1021018.2548523594
1102,482792.1844403448,792413.2718548443,1085361.8179890781
1103,387039.6961424166,794790.440325908,1075092.9989731733
1104,357776.1955736556,790955.2225038039,1065240.617697384
1105,337318.44901375903,788851.656747414,1105307.4668572654
1106,341107.4487528073,857502.9267094886,1163737.4754369215
1107,343104.34395147057,909036.7952588502,1204366.106364836
1108,363698.85730283253,954713.8800135775,1262860.1115816252
1109,400906.9197226247,1033935.3296354307,1326289.08653042
1110,465250.91955820593,1107322.910466241,1397428.0443646645
1111,532855.0061448133,1126700.9439089294,1446033.4634233245
1112,550664.7726886286,1171289.8675324589,1548093.8695441736
1113,563202.6179928902,1174666.5911018169,1604491.0133827073
1114,567133.5283169531,1216258.406103106,1582421.8097040232
1115,550731.0603782873,1199164.8860457165,1549058.3335033809
1116,538577.2989431638,1127311.934488636,1468190.7010813963
1117,491309.93036014796,966760.4876490991,1257926.8207338334
1118,452516.5954698606,819121.2602024776,1055295.049211529
1119,405953.10929700185,695410.7702991051,889726.3162317415
1120,418823.2370721466,622820.6334644139,761966.430119295
1121,488090.76464591385,626520.0413990059,770519.6081964255
1122,557547.0482206255,637767.2999372514,827116.3545056401
1123,557355.7088822247,647535.1609538813,854776.6556510854
1124,553355.046448938,722124.1441491873,929635.1696602561
1125,517560.20481892675,757980.6609734542,1014644.840235243
1126,465407.9064650044,791009.4134151781,1090267.6119459036
1127,398838.7396469822,805017.1992776637,1105285.4280026641
1128,357093.3203709975,834114.4172609394,1115504.0428931848
1129,348838.5770913821,838537.3887199045,1161556.762338864
1130,346516.0610969098,903234.7801923929,1222122.948767212
1131,354492.9008151517,956719.975721516,1263044.6152682204
1132,374967.6831322738,1025964.6346141268,1326217.7416836128
1133,389514.0444211437,1086072.485672741,1394887.2941349163
1134,430121.9964770902,1152046.2398604958,1438088.4782191676
1135,500201.13071661274,1248256.9676025186,1521329.8670731585
1136,566032.9092477798,1314079.0659873756,1634802.660281737
1137,615275.4057482023,1313668.956395198,1723434.9324323775
1138,628754.1612884669,1362282.0877888121,1753160.1425634937
1139,636959.7393511769,1346416.8101206094,1743853.9564701335
1140,612471.6462260088,1260168.541828869,1615742.6432403384
1141,538726.545094675,1053644.8926029182,1395460.6657015942
1142,487617.790288408,883726.261402863,1193958.499485872
1143,467998.6612814505,765551.5435027395,1007294.895098308
1144,481271.0039119522,672710.4973101415,873471.1743159945
1145,537856.797175926,656316.0725062037,858535.6340531163
1146,550072.0530477471,652215.5539242062,863708.6064383639
1147,565679.1349984074,655015.6655553972,886420.6678737014
1148,569066.1423044633,700560.4693445318,943722.8330780882
1149,508769.4022475579,766673.3072138563,1035579.1896304846
1150,459822.2047063711,775955.2641243283,1067967.920864895
1151,391178.65308838105,780935.5911273819,1079910.5989070565
1152,354348.19275432744,794396.3221816578,1075665.4878710115
1153,342272.5086684507,790233.155356526,1122488.969228104
1154,331912.53643209836,832069.0442433392,1154119.2252441645
1155,339212.5108486892,874917.9853422899,1175948.6500190923
1156,351507.03150689823,918659.044362011,1227736.549662935
1157,375601.2678625623,991745.551937583,1298081.7892260437
1158,424047.3817821214,1045130.7924447214,1321613.706148511
1159,475845.2246655388,1132852.4101699514,1393529.7887321655
1160,529194.5666753952,1137173.8608904786,1479323.6297672307
1161,578990.6183856886,1141899.1310317877,1565670.7117509958
1162,580559.0154185734,1190273.3204427476,1591634.7611226528
1163,564722.1132606888,1175304.638355111,1549160.6343488952
1164,553008.1505203645,1083890.9089093928,1425974.523563035
1165,520804.72730221995,958028.9941140565,1273390.263077512
1166,476269.2672594767,852355.4991502998,1159475.0487828988
1167,458939.08954784257,788218.5603270202,1075598.8746181251
1168,483613.6891305425,742251.715131222,976516.9597901918
1169,548401.2329579667,760244.6861378441,1008179.6473686695
1170,587112.2726686285,773544.9018946369,1021439.6694592581
1171,602429.8371994316,778198.9170714089,1052348.0497463353
1172,578278.6232698066,778105.5601394897,1054715.1815160401
1173,545761.1971765917,831907.9244639965,1125178.968653424
1174,486686.61384935374,806483.406604129,1094474.1107474843
1175,384922.15935052786,760794.583471152,1037677.4173752547
1176,322135.17465845967,728931.8935092961,964507.5071359521
1177,321057.6976040241,645752.2741951504,893046.6707073543
1178,306165.16828565643,637348.5533405654,869115.8447869761
1179,303009.3142158768,640836.9115379398,862025.903019102
1180,315961.7515034489,660813.6284845058,883504.2837075477
1181,333126.3531609112,758067.2218151696,963811.1502347619
1182,395345.5519337787,804463.6443127046,997473.4016037236
1183,466401.32135643595,836950.2280146821,1036827.3909598447
1184,462061.9797743647,814277.3103850888,1069714.0603306072
1185,478679.20676653064,816963.3505944712,1100693.1695117417
1186,464910.73571975826,836370.7084495449,1118315.4700878991
1187,463048.03222275537,878437.4520014225,1093466.6034468152
1188,460993.0712157136,863873.2615202633,1087615.7812852594
1189,459421.4952137433,771146.2849898853,978961.8535375594
1190,408705.7439561644,659312.5049671638,803139.5761549014
1191,410352.82159519795,578542.8002542363,692579.9403680981
1192,406649.600626973,487970.3907273195,595697.9816285337
1193,481936.88266680855,477659.7917143654,607776.2911623744
1194,576921.0054884768,538558.8900934341,659442.3110929602
1195,585620.6141623055,562045.1185234665,742142.5832402054
1196,535383.6191581183,598095.527283942,804815.545440342
1197,535088.2783628603,694983.254458583,931356.7968026596
1198,495317.9506274698,780466.7180265759,1055054.9462007352
1199,392529.52341495437,814566.3449939674,1090082.1061244565
1200,366641.30494516384,894212.2910693974,1160758.6956597962
1201,384846.1462451081,960237.3633572677,1309138.5546436005
1202,404085.6367814683,1115292.1032338128,1458278.422488924
1203,423964.4692475359,1219322.9883987873,1558569.4930846023
1204,450835.55758842407,1282190.9443398055,1654868.9710470294
1205,484807.3179632291,1381152.212197418,1727954.6910753418
1206,551947.3362219033,1462887.729426024,1790806.3960825724
1207,631306.4573338262,1509185.3646385702,1858442.0905049325
1208,628612.1702382386,1516892.2829986261,1935641.68321511
1209,655310.892485406,1567441.8308398982,2008670.2368137937
1210,651664.0023030819,1598998.2170205563,2016143.8060625612
1211,644258.5780648929,1639370.8635260302,2000216.5829337435
1212,630022.6220173017,1539069.489970388,1941907.5443506246
1213,607910.3671671385,1443928.3365499948,1806560.1860513827
1214,566182.0202790445,1339881.600501888,1655577.334473077
1215,542809.6792768262,1296156.8173743724,1550368.095868321
1216,548755.9795846245,1194991.2065034434,1441849.6475815717
1217,621188.9899488674,1223389.7701121173,1455269.8421389922
1218,663579.8582090712,1239277.4242900603,1499197.6945212958
1219,693350.4609892459,1206398.765342169,1554439.8333423745
1220,647349.8135237617,1147504.1055536394,1463124.190706988
1221,602619.1555985657,1116551.495743752,1442880.1404076882
1222,540980.2651243481,1082749.6362698101,1464040.3367940388
1223,460676.64684156387,1060953.2411595602,1436307.6739839718
1224,412187.4348959609,1054627.9532769914,1398276.3965985181
1225,388648.8545284021,1062799.0810408632,1424173.8330015822
1226,393599.245274531,1114790.3491587949,1469675.3850985004
1227,400221.2634616124,1161610.7791196282,1499880.8004888608
1228,425772.7608919913,1194316.5601185004,1558152.485137312
1229,458230.64518968255,1276788.0617542232,1610683.4417948516
1230,540156.1484789907,1334481.0627683024,1650661.8273002808
1231,586963.4487819788,1358593.3724863701,1672851.036587833
1232,585234.7923001131,1331438.2413196005,1736704.2597345943
1233,613912.405850848,1347407.8174821262,1791160.644665044
1234,609047.3864643557,1364594.8468657886,1758960.754843345
1235,595082.8937036997,1342364.0430372807,1698926.846002167
1236,566104.6401330895,1270384.9307853836,1616553.3464398172
1237,527024.8391396669,1080554.4969881147,1395177.2531171096
1238,461608.4582197188,925954.3861928628,1185663.4747606677
1239,429983.85471744125,820488.5136923621,1023296.8095089125
1240,434851.3149030187,756193.4994491482,904642.0792676785
1241,504643.13142421655,718526.9881272344,894263.3340870785
1242,549797.3603002109,711865.4183097025,920783.0952069735
1243,592086.946849965,716192.2078506855,951384.5761828424
1244,563546.9514722195,744798.9798798391,1002911.5078629601
1245,534810.937135258,783199.6297684741,1081580.8421849695
1246,481049.0927221848,808920.0564256636,1134524.6331834132
1247,401301.7047883365,836185.0591659149,1124537.7732616854
1248,356993.04504251515,816145.4881603498,1097616.870847642
1249,338963.5663462184,794312.5408255102,1101669.6193502306
1250,336068.9720045339,828961.8993911686,1128832.443502878
1251,338702.30811116594,864681.6606883871,1146290.5410570865
1252,356174.5617910159,886066.0888047459,1180923.8089587472
1253,377470.7388322361,946506.7063993565,1225572.7500164527
1254,454974.3867350628,1000616.8340029422,1243209.696068825
1255,501871.2711527222,1018568.6475737963,1264865.4860663489
1256,503474.2143331494,973280.0845051754,1307261.4113697186
1257,513290.98958860635,986216.5240885653,1318253.4134812884
1258,497126.5808939728,1023795.0890508988,1287631.7652362199
1259,511277.8891934281,979947.9692538591,1208379.337656211
1260,504959.7956591121,872911.9250245971,1098608.8031246925
1261,468207.8098137182,771888.925765223,965982.7195099043
1262,432466.3822629186,705619.3855222078,873128.5391836177
1263,419770.6550097227,646569.7487560078,828343.8143077658
1264,443403.89447407314,633351.5870390079,794319.4024258584
1265,511463.9192183345,642721.1204568676,793640.72275553
1266,585597.8009612064,645320.6169663706,840213.317872215
1267,581000.8543024049,655410.1780067157,897533.797733588
1268,562668.6175365284,728922.1185973665,1012012.0988617985
1269,529308.447246833,832294.1968095208,1109246.6809187056
1270,485935.1836936514,882407.7387274099,1213197.669760754
1271,417387.30303540145,919016.0005676846,1238490.4701440912
1272,388795.4102216174,961990.099647381,1275541.6797522695
1273,390069.58444601845,1012731.8854426775,1355009.7039151704
1274,385294.0458810201,1078322.6779162446,1412721.181494387
1275,397174.9166609185,1152617.6242531145,1478008.3603418823
1276,428289.82205340546,1234352.9681949455,1587422.729087922
1277,464708.21728424856,1319845.348149435,1649380.8504361273
1278,523525.5035762004,1372519.848577399,1689827.8675960866
1279,580093.9591772655,1407478.8197970025,1727625.4353129815
1280,612325.940637976,1436934.1511613103,1803072.8523638237
1281,618698.0028019872,1428356.4875675328,1828611.310609663
1282,624220.8170151452,1444168.714456154,1837479.9978844763
1283,614506.2587670834,1443189.7946362153,1818015.8168891473
1284,601834.9796355193,1425115.812368367,1782399.4816865418
1285,546297.926835614,1304948.079173469,1628118.452902857
1286,503741.7625878651,1191048.8365757908,1443422.0376766128
1287,484163.7774732608,1093075.4683302024,1337073.0122970194
1288,513449.98006496567,1029415.5557112173,1243353.0308011344
1289,598435.0625728758,1073112.873717451,1284938.2943446073
1290,641632.8672314468,1114123.4703296248,1411195.15817766
1291,666576.6317625778,1156608.20194072,1497795.994340521
1292,652783.4396535127,1183335.224461457,1514174.5146716093
1293,610703.0179212085,1254262.7745343645,1620404.2234474255
1294,588645.7753624246,1304228.503485233,1709032.3459849646
1295,519085.1924696905,1317149.8990697875,1712231.9026407106
1296,476856.0361902517,1312685.9977770816,1697189.6564438883
1297,458403.73177870404,1299244.2066294658,1719248.6893202937
1298,454888.44557628274,1361516.6214156938,1764221.2788200022
1299,453298.3638302438,1387224.4875321253,1778927.1832371107
1300,471554.89732328465,1410332.3856518695,1807060.7380206627
1301,493774.5386422942,1481343.9092868073,1849720.1667975353
1302,544435.413023105,1534488.588543515,1880311.0190439231
1303,593253.2020256524,1616633.9074080433,1953995.5165789055
1304,642824.5198548376,1592596.3757850642,1996167.6580211679
1305,677513.635751283,1615722.1992249722,2082012.7285721947
1306,691978.43128532,1646917.6142372754,2126986.574200151
1307,676995.5326936512,1664254.1590391486,2124680.5563801285
1308,658064.7037945545,1583933.4934250067,2044443.057815263
1309,618669.5894066539,1382155.425867022,1834303.3571654232
1310,597720.253851087,1224652.3290524667,1612884.2699305478
1311,547459.8564033638,1044930.1760601156,1390027.6443706814
1312,527794.120498975,944178.5136513574,1236473.6835348124
1313,608239.9998901766,929880.8134811079,1194885.4158396106
1314,646504.9455899551,931487.6809051598,1202127.3658034774
1315,649646.1979258322,899058.0504718457,1174716.9118248692
1316,605720.9593223974,925829.4076957554,1155816.2132458119
1317,568394.3384049184,945305.4758428304,1220380.4083621425
1318,519258.7897466616,928641.0743408514,1250520.1972849802
1319,428080.8545423073,940720.5249312453,1254457.5397681587
1320,383187.41233221453,964746.4032835455,1257136.0952649277
1321,371014.99143793754,958072.890497777,1312909.675059616
1322,374652.2357628235,1024755.4385873111,1369354.1777148186
1323,380474.8266181526,1061390.783158596,1402968.4496360328
1324,391976.0466134363,1109838.9831104078,1455498.105577249
1325,414757.493920393,1183958.08238635,1514301.9252997346
1326,462607.7095726632,1237781.881854746,1568595.1170120076
1327,524755.6885414094,1314050.714196841,1630825.4682626342
1328,571701.5595776136,1335145.6482526495,1703600.827897533
1329,630452.4165244581,1342693.5830078297,1750069.5607768225
1330,620500.4301570363,1330021.8452093403,1767790.8074632739
1331,609555.8252197212,1329493.1073459175,1754591.2437138474
1332,598952.5039584936,1261328.6062259423,1663370.1778762455
1333,570151.73873874,1102867.6269828475,1442401.850297025
1334,503581.6631355573,924297.7053961583,1248024.853943434
1335,452305.4524249678,746642.2968188956,1039839.8834131176
1336,457593.1007209257,687419.464660851,900618.8023876959
1337,523738.0140817954,669800.435579272,886395.1117610635
1338,574580.0300267945,718877.514628361,906015.6579481045
1339,570832.3909670436,683692.2658389442,926984.702494788
1340,578144.0278039117,738400.4583651664,989985.5898123678
1341,549057.6009415104,806556.4049620751,1078988.8594868714
1342,482873.9688772712,801221.1163594153,1122068.0631933182
1343,390214.72264332365,827620.5865812385,1129183.493139234
1344,357407.3317021221,813660.504400922,1097749.7341557506
1345,338569.29012408,806996.4528571886,1120177.4082047995
1346,335695.0477396139,841396.7925481086,1145524.4409229208
1347,338342.32240239496,863074.55941605,1157263.761175915
1348,358982.6197426991,894829.4816450917,1195115.025644563
1349,389066.5097002821,952099.295980686,1245176.8881432267
1350,457870.2609332279,997909.1929361874,1263270.7663316927
1351,485453.81340289465,1017453.0313934779,1286885.5408810924
1352,500617.23842298926,990281.1546119597,1340311.225017456
1353,525740.135554368,1012611.9004357018,1372885.6568344464
1354,529399.886816034,1039036.0094059592,1360488.4934441322
1355,501757.29157937353,1005036.9158224282,1299174.713749652
1356,491507.38846560137,944687.5557573729,1225829.5720372186
1357,445233.6405514768,798784.8255310563,1040137.4273276004
1358,418139.1478368349,671228.2290122319,860399.8124285567
1359,419764.1047778074,609290.371457013,789142.6628501691
1360,428494.9810820142,552534.8479540084,668388.1983949026
1361,516890.80709464493,543063.0377242638,654665.8040137762
1362,520830.3752548247,538710.7454849104,683435.3171865947
1363,551658.0548122871,533381.6007352349,740718.9303034685
1364,539570.869573339,590343.5240680669,787559.727282334
1365,506127.8270186997,633309.4423929945,841762.0368503075
1366,490653.6073580065,650591.7466269381,879710.3339958045
1367,355731.6332516082,677222.8951546411,893612.1049477143
1368,318058.4484289152,658865.8942786163,890206.2314655038
1369,303848.33859731135,654575.467023816,915646.2768872124
1370,297639.32068594376,692926.0325354689,949429.7561084342
1371,304285.542182303,722078.8480659941,966890.9100487916
1372,321488.92912455555,730920.6066140174,991675.4829296708
1373,349914.84615244303,801956.001856647,1039840.4774378572
1374,416959.7271353372,841223.4984104102,1070124.62575657
1375,471488.7325556071,855017.0317299071,1092169.597520638
1376,481955.45895988215,819005.2208700662,1060391.3207713605
1377,480764.64775543497,797865.8339169673,1086898.1710686632
1378,478515.7513599611,800731.8061616765,1072531.4982962606
1379,484749.0125380105,792770.8986525405,1009519.9901713477
1380,459232.25780464796,727466.310487336,937966.5983953015
1381,406261.77328621794,629824.9690355692,785129.0709220964
1382,365762.1975138217,528332.6331170731,647500.1711173125
1383,366356.1555560943,459252.52150929486,558074.4062873656
1384,379596.1216278961,437404.7810314452,496156.8417375477
1385,445618.235755521,445906.0944312894,507033.91217496875
1386,480409.13600831304,470051.18114568124,561746.0457662228
1387,502388.81946371816,468035.0204421848,632208.335025863
1388,513535.21714682976,492172.5243505295,647739.7768233708
1389,496055.8854101767,545065.9617120366,711793.0349697166
1390,444102.207838784,565231.3749010718,730209.319501522
1391,345430.49848838756,535898.2873630264,712548.2084010029
1392,294080.8233345936,509803.25956713484,658409.941894414
1393,271482.91414825205,477430.3102318986,653070.752259175
1394,266018.8076735974,494912.99858897284,647856.748821515
1395,262117.21063327882,504611.0505151411,645147.1687706156
1396,272250.08486680704,499677.06031226396,637897.2278137483
1397,297826.9713113716,554879.6114812093,678683.9114204978
1398,379653.01346057776,607472.6139120111,776582.2131573508
1399,483959.70954503695,739761.7038738255,882422.5070736373
1400,478040.5886750191,823163.3896818736,1067765.7388161724
1401,498008.37243941356,903980.2211836681,1210902.8489122437
1402,533370.5157604627,972932.956266556,1279885.0495724245
1403,509830.2879853331,1018220.5576416241,1313920.1652549333
1404,504283.8527769032,968693.9110218635,1254022.2522176295
1405,444729.3317923482,843234.5262325428,1083135.4791135953
1406,419955.49228719115,715817.4737792441,928444.0526075141
1407,415210.23866226804,663127.3947258132,818124.8955508796
1408,423588.898431313,597194.730113959,711293.4057588656
1409,512309.85596311843,563464.622983506,676715.7130265669
1410,542765.8028564709,553330.6256586824,733690.0985730595
1411,556975.1670042403,580037.0691007394,810599.0955838293
1412,555379.4559166997,625206.6593731324,859102.5620606284
1413,526491.257482673,697402.9230540191,966079.2165203488
1414,473350.5679346861,744285.2493074499,1014381.8458905139
1415,391675.04680113314,788358.0245061343,1070909.1055680483
1416,363959.7260051654,801862.1807825132,1087182.5597005154
1417,352010.89664778404,823892.4458909533,1152458.930362753
1418,357616.8563115675,899026.1427514065,1220020.753597434
1419,361447.07344961626,946086.6627882897,1254790.1954549374
1420,388205.16624797834,1009847.4293947666,1333558.8241342814
1421,429246.9238660083,1108475.4568362872,1425089.8375348218
1422,500832.1413333539,1203398.5893919568,1506117.0380088987
1423,545184.2446778622,1262379.5392153463,1562981.046447552
1424,553579.8356758641,1251769.8913402841,1634837.6959038489
1425,559448.992050228,1276779.1665248391,1669229.6004481358
1426,572796.1640257728,1304652.166262823,1676820.5693034392
1427,586728.1402276283,1278789.5845876336,1635047.324034124
1428,598010.9341686788,1265077.3420405148,1626843.8719545722
1429,557395.3433494185,1207702.2854921198,1546159.8163907628
1430,513023.4842506961,1189679.8043638119,1489725.8163065116
1431,509037.7962407807,1173517.7571912732,1419533.9608833077
1432,521048.2300642231,1146417.2713876765,1364159.1838023344
1433,567196.8341907781,1142930.7322199438,1374744.1737067744
1434,599580.6313068614,1103231.012113177,1403582.9883535125
1435,623740.3973789839,1058863.2989187075,1409759.309261387
1436,609038.5599736467,1070649.7335451567,1401880.3591031756
1437,575087.6010070853,1097399.6295667083,1437912.8718080116
1438,523253.5833930727,1122505.245623521,1482892.9528194114
1439,451270.91808153165,1088669.9309181885,1447098.1115498212
1440,428009.9197641662,1058163.1076355816,1412158.201367821
1441,415171.40360503574,1051907.929223666,1437162.8300862047
1442,406526.1883858993,1120548.1344519306,1493412.594236106
1443,424504.6621853443,1199276.2018213363,1554301.7017938478
1444,444919.1506620591,1242037.6124506774,1621176.3248655377
1445,482429.13323491707,1347034.6587879,1714491.026780974
1446,558240.1087486276,1459874.7073190047,1798591.7738443788
1447,615145.9796491943,1567132.250197378,1891494.4670892826
1448,637449.6995527286,1644696.6273572487,2054798.077089695
1449,669705.0551084972,1708348.784638841,2210829.483143689
1450,693237.3759336387,1747922.6576773808,2206453.427325641
1451,695789.5355203857,1777675.7916201411,2191802.393932495
1452,673664.3005001093,1814126.936043309,2249020.313391218
1453,649872.8983354326,1737465.9226126256,2133622.7550198846
1454,618494.1395064146,1616154.490084111,2000729.8031446135
1455,637240.9797835903,1619190.9544293075,1988790.50641108
1456,671745.2368018299,1631381.3884212119,1980271.6651517358
1457,668172.7350311896,1472647.726675621,1793860.4719440257
1458,729203.9103133309,1551169.7153446567,1902246.0459140588
1459,752460.845674939,1574119.0199015108,2011756.8873303547
1460,750360.3859198004,1548051.106047613,1986752.063875593
1461,706410.0573262129,1588124.7422451982,2061911.417824799
1462,679220.8079282428,1607617.3405921757,2125410.0878568892
1463,604269.7559388115,1614566.744041335,2101927.88265807
1464,557473.1257867453,1563830.2977463715,2070262.277290146
1465,527782.223944029,1557024.8577472144,2068476.8084355833
1466,532641.530436637,1605476.1211458547,2109226.628404916
1467,530040.8342333721,1655083.9627358906,2135673.5702992254
1468,546905.0865710331,1707930.9271712129,2194387.8677684716
1469,578638.4128314183,1777477.5093014594,2253721.293444444
1470,627378.6628024935,1830920.6321646392,2311828.508451092
1471,672805.4983258205,1932079.9975683985,2417893.3585015982
1472,729357.3446736563,1970653.230090387,2501402.4186583958
1473,779347.408438597,2010710.5743177705,2574264.770903988
1474,786774.2845753271,2040043.0644327316,2635989.683070862
1475,792854.0299548839,2086093.0846591205,2660093.5392538514
1476,783700.342092462,2030630.9812795587,2593129.090639703
1477,724791.6711606054,1848468.8586845333,2383847.221364088
1478,672345.3017317156,1709048.807812389,2168784.3191748857
1479,633086.6448756348,1524143.7113236065,1976975.240352062
1480,623388.6846935176,1441519.3418384555,1832502.120922591
1481,649822.9041490711,1377487.984700548,1758771.823676365
1482,702284.2577185102,1360695.3772145323,1771455.6364635858
1483,709788.1495434028,1344935.361799245,1768124.0252367773
1484,697356.2763590853,1345619.2123593935,1761123.5023391403
1485,658793.100582575,1410418.1178504738,1818256.754531548
1486,589404.2935944523,1401064.5567923794,1874064.4340020053
1487,542335.0662027611,1409410.7218043043,1862211.116327963
1488,500977.71439327055,1415722.8982296651,1872927.2826361542
1489,496218.4806249529,1468773.2949788822,1955066.7973303818
1490,509377.7747537935,1539731.4645602794,2034540.8272338908
1491,512231.47462188255,1602612.996599275,2084583.2397984772
1492,537048.5989037831,1678291.6020520895,2167121.309575872
1493,564896.455457981,1758724.650000724,2251075.131685521
1494,621003.8744110322,1809080.4815476716,2295400.513288333
1495,665873.6348422614,1887131.7761983036,2364383.3664365713
1496,708756.5632941687,1892542.5182226081,2422796.6376227667
1497,745646.2464148565,1939067.679771033,2498068.0922161704
1498,765051.1420035316,1964293.3230438125,2539720.3763022507
1499,744993.6828154355,1908254.431720463,2462375.4989444464
1500,731865.3820048277,1800712.0240766583,2313403.594600851
1501,640830.1834060098,1578928.7864591544,2036026.2938688782
1502,593142.4291380364,1373033.668030523,1791275.7152502974
1503,539322.6657929854,1175989.779265798,1576616.4683853353
1504,542672.8196657867,1100543.9252650982,1440695.3356033382
1505,567961.3550612346,1027120.218811636,1342424.8420761672
1506,596113.1589389583,1023081.2371219762,1345348.7346200738
1507,606474.0494543212,987338.4426274904,1322315.725995366
1508,599299.5308204319,982985.3147876626,1344023.7140409965
1509,575537.2898563232,1009297.5332638666,1394679.1407344476
1510,526466.6319756871,1042843.1310818724,1453607.93162044
1511,470651.4920957109,1084827.3884699256,1492454.2940734501
1512,444375.7504019641,1104691.0846475544,1507734.5473333395
1513,439829.7436617288,1132475.98465638,1562430.0341357917
1514,435886.27768713696,1197877.0818360955,1629848.5576416112
1515,444138.09031043877,1264953.860959242,1703745.768053508
1516,463340.4734149848,1313072.3749768408,1786721.431393423
1517,504176.1739031651,1418392.6559312334,1870104.7072488284
1518,587280.1595158704,1494004.8464413425,1940718.6687989996
1519,628019.3542993102,1534625.7559735542,2012032.2347002637
1520,648562.7297772538,1575510.395551444,2134181.3627401525
1521,664313.2316290303,1620510.301879302,2198838.7230586307
1522,665415.8901005212,1606690.2592364936,2187160.5475310087
1523,635656.0390849048,1549112.2788069956,2047756.3442492858
1524,581838.5040043602,1377866.30326633,1805138.0633050925
1525,496823.30047921906,1112788.0629278088,1478089.2620505842
1526,435694.8833590514,932100.4246812235,1215084.2626766413
1527,413907.6471225459,803656.947588429,1044509.4294604753
1528,435453.91393148614,752819.3274873506,942973.5231478141
1529,469700.47938832134,733344.6551941641,881130.6768752018
1530,537233.6314671263,760938.9984042183,966559.6871458007
1531,555052.8479089394,780470.7004502171,1032096.1510416041
1532,570291.9985870954,818903.3434397015,1089040.1370943177
1533,536828.5726835085,902329.503743713,1198797.5638221235
1534,470999.806785094,918290.8633561867,1257870.1342007858
1535,411611.28918323753,928980.9292511225,1244875.0164939482
1536,375188.8747810175,923921.3713478737,1215521.7800746795
1537,363965.135752832,895077.380261135,1219337.8632592394
1538,349337.404335885,901212.5385993029,1213988.7147730887
1539,346210.8568819078,911207.3295170455,1208215.2215755722
1540,364749.65676140785,925382.0353754313,1233979.2932188776
1541,396818.43218025984,973316.3994960664,1267312.7455675718
1542,456926.1747652182,1042110.8822640858,1280735.8391263802
1543,497797.8862911667,1033510.8711319868,1288648.0019239683
1544,515848.46561426856,1029596.5053111952,1342087.0417594688
1545,511775.2500540005,1036008.6197831662,1393205.6408460604
1546,538217.3885881272,1068993.3864669115,1374209.6665094648
1547,493022.33393134485,1018092.3438192274,1283598.7576781681
1548,496959.23704382783,952837.5259280434,1208657.6509351681
1549,462683.3840577754,780469.3668943889,1015471.6742295157
1550,416429.67175447394,752593.136887581,942700.1670529726
1551,426978.47806747194,687310.11524842,871099.2144840087
1552,451184.99370425043,651082.4855731158,806350.9961320021
1553,403397.4902779722,441655.47096923087,424182.7790075538
1554,457232.20819606003,472543.0755052321,504988.8967737093
1555,475803.70897235605,447433.6346363388,584923.5442527181
1556,498768.9734016482,493299.47588078195,610809.1322431773
1557,476916.81151249295,576388.8219036681,713607.1197280205
1558,405321.98480192764,622318.2548921547,795838.4995725119
1559,374170.6847318147,606947.1089910489,792032.7566782575
1560,330454.43671262613,592951.098255068,773742.566969851
1561,304303.02244042547,568807.210503401,792132.9589472901
1562,299091.4513751284,601696.0294292767,818727.162948632
1563,307500.5912591599,629240.3119037655,838233.3146152174
1564,338017.8650501068,654492.1352237087,876790.8809990335
1565,356241.6246819117,717735.3813083236,912908.7135017224
1566,416669.0099934416,750085.421315552,930777.2424891116
1567,453589.6925250828,839721.8656777856,1000103.2885405731
1568,455703.32733905385,756472.8473826307,976352.997707597
1569,474063.6828915933,741655.0545078788,1007111.4227663703
1570,477847.8770664525,771900.7611283999,1013966.2230322985
1571,452126.3374798475,761275.8592779257,963651.7075634688
1572,392958.05163723853,655843.2031403624,831024.0446138108
1573,349584.44484199455,475784.0865841999,587306.7372618717
1574,300648.48480741965,355623.0604498171,434383.85617355356
1575,298320.6277009705,294976.302726048,327012.75996931724
1576,341870.8598878711,299087.2844672679,268609.7177033294
1577,399908.5431536134,251192.16869044947,237420.27110180882
1578,424323.4964235198,248978.38382265944,279680.30657213624
1579,457964.42508442746,265746.2409151752,357864.46672169
1580,432668.5916391637,302201.1135391764,393585.74260483246
1581,435059.03161737305,375729.4879024927,480349.5204238192
1582,354802.9356809402,408601.3823071439,534783.5271837496
1583,301109.71884342714,419522.72532669595,573566.039533618
1584,279050.8505405747,435558.1580784847,558913.6345976525
1585,264901.9430353453,428331.8455538541,581739.8277580966
1586,263338.6864677735,465909.9950172614,609909.8809847785
1587,262416.88157750876,486169.3776221469,618667.5638516383
1588,275694.3591627154,519924.4585735479,660663.1987748767
1589,310031.6701876062,582512.1851671092,714110.5079151191
1590,378221.77718217374,610131.9191426449,735587.6426865931
1591,413791.48594662437,618935.923077304,736469.7907330168
1592,400792.0812042634,601904.0528025846,756609.0550273812
1593,426920.67811594333,580235.0683386303,797822.7370134607
1594,439078.229057756,597462.2466308372,789665.487305834
1595,422211.9978744403,594565.996891871,732673.3376173491
1596,391739.12515938596,564492.1685242709,705312.574804975
1597,361508.0879409398,519214.39213064336,620082.8283549867
1598,327118.6415889144,459758.74478569604,533103.4181710827
1599,332793.763281747,404236.13250132796,463932.0275972184
1600,371319.3977710088,397452.208332003,389990.6221333146
1601,393486.3572985631,248803.77106873115,181730.42640461604
1602,413132.3522026298,276757.9810962871,236853.4804217624
1603,418831.0798591898,263535.53461026965,275785.1943880696
1604,436928.691280074,286261.5495791781,299280.23793071456
1605,402888.90520652384,350337.07445092406,381663.3262026469
1606,345006.7031120386,378151.0044692788,467992.79969252605
1607,296218.94944509596,398432.6251975864,495932.0162681784
1608,272501.7941850826,408439.4642541111,502200.7297903938
1609,255119.00387029044,393417.836660538,528500.5966978597
1610,253179.9138901067,433657.05130048055,576874.1886093004
1611,270589.2247645452,486255.7435113948,624028.9942985077
1612,287206.39255936845,534526.6804633436,686529.327160302
1613,303039.2236340047,665985.104691483,809429.1155625074
1614,382380.79326077056,746333.3838868308,882844.3900501286
1615,430822.7099097907,807964.9218096465,955750.7887984003
1616,452145.01101573586,801842.5704851697,991346.7274063875
1617,469624.8582815757,849795.8756708225,1080950.567726609
1618,471399.9816292132,902615.3275527728,1129762.1832245612
1619,484514.2712557364,910515.0104716693,1123802.1728953468
1620,456873.05737005366,913551.7415062337,1128394.438270721
1621,440348.2156132236,865608.9223521405,1086560.74254005
1622,431763.90504129126,856148.4801209777,1051322.9977448892
1623,425469.10974064603,815712.9940265664,1030935.8508072648
1624,470998.91901246394,851931.5671669672,1043647.0821105387
1625,516642.8116307225,898137.5695280045,1076113.8379608213
1626,580698.8204727076,885908.7156149746,1154078.322625731
1627,592803.3928963044,866252.6571631212,1186177.6408598567
1628,556810.8432924142,854794.3937126717,1134999.492159168
1629,517637.7854329563,878328.9771414872,1163873.7896812689
1630,460452.999486678,880502.2706426178,1187767.3935174095
1631,410947.8554715099,828506.5595536547,1140478.549069524
1632,359339.22658724774,807956.1726852858,1077739.6319174508
1633,343108.51755509793,787969.3947699305,1089177.1151200663
1634,336188.59471842577,822900.4389955405,1114264.11293294
1635,344037.12914932595,849699.5816118367,1126538.2087354867
1636,352178.1287484216,886137.7374479277,1167718.2853013964
1637,370018.3460659701,963876.4651877343,1222774.0809855363
1638,405952.40976522554,998721.2977861621,1248066.6289187307
1639,456265.3289995578,1065080.6297779283,1304652.4158778305
1640,517080.7667288929,1109500.7672028684,1391724.9761835337
1641,553764.5608388192,1111553.5610319523,1464463.5605641769
1642,556305.4824895611,1123097.5826401534,1470117.4659145516
1643,571646.137456104,1125839.1690737822,1451752.701678534
1644,521158.733803878,1044007.2258685294,1363252.7074810974
1645,470564.84687058197,851786.1076683046,1142477.0789329777
1646,454616.88415919576,729882.6021062287,958883.9741913495
1647,410876.2993804894,597453.8292170456,796640.2070011912
1648,423011.6369885134,560810.8223925721,693128.7226771897
1649,455827.50023278524,396700.98922763765,384417.9843395406
1650,476355.88314783905,420843.6178093039,479859.5461022532
1651,498125.4924612818,458241.36373157677,568583.8709605449
1652,497938.1662738307,491299.0474547257,639294.460789208
1653,475019.94173277676,583896.6949446453,738240.0879267661
1654,409275.78519069694,611948.3361130604,814796.1084920485
1655,350032.49860679865,651286.9226623102,855021.281538817
1656,317249.51829356083,643837.4459124504,837392.4425234684
1657,302616.2179257041,648351.7168427648,897611.4327536185
1658,307840.29735573696,692598.6595925908,936934.8571305536
1659,322261.7476739616,723801.4756896566,955483.8348363453
1660,315633.3860363101,759595.1849651984,1000501.7837255693
1661,333304.7447692206,819600.3854078709,1060304.2531138419
1662,369207.9648154712,847518.6549691109,1086964.8595038105
1663,420176.12537174235,907763.3826312333,1119415.5150060563
1664,450044.51326817437,881974.2458285957,1129758.1639735578
1665,491506.80588273087,850000.4557296059,1122953.2130104888
1666,511988.566991651,842616.4231038727,1117875.177134642
1667,493207.2712200762,846238.9761768641,1115758.0544506721
1668,489215.94232750067,801407.678367005,1076308.997476972
1669,478064.8845684448,737423.357876787,1002319.143595733
1670,455166.6946050579,693217.4649923836,933456.2736499009
1671,450889.06043270096,670317.8100120971,897902.5250172042
1672,483228.92651908787,656805.0482007253,862524.1071011927
1673,489161.28961870656,565618.0363824711,717208.1635525202
1674,518435.1785315912,542290.5570866112,699773.7744956313
1675,518761.1949431324,505573.30204452906,657797.8456112405
1676,516711.770502892,530232.2613893687,654358.0992997981
1677,493183.4618163861,544456.3508114879,686833.4923440464
1678,391907.79497928347,508640.03363767243,705258.70416532
1679,319109.034076957,500779.6868489522,642444.0777308014
1680,288490.1419697874,449648.87344396324,606685.9514142455
1681,294927.6839038678,531373.842558154,681140.2978370469
1682,293410.5317862245,587823.6931280353,763970.1184306195
1683,313603.0891106609,709474.4266723399,896425.0679094178
1684,350419.0924585831,826661.4759088387,1037929.4382378093
1685,430001.89894538524,924694.3076403656,1140666.3468517992
1686,470163.0486592375,1002670.3689387806,1227923.2071470693
1687,526586.7312830283,1039040.0270259366,1346349.832933647
1688,532184.1222156092,1087036.7067837978,1451086.1190424955
1689,524638.1656243892,1155069.5689920802,1505443.1708564982
1690,523728.08366995584,1185630.8405078028,1493072.9316879823
1691,516320.0135613464,1144800.062794248,1480249.00380213
1692,484200.00934714766,1020693.3101903921,1324231.725347989
1693,461191.30889639066,910837.7495270761,1134319.7812723129
1694,427816.4438502338,794444.4932841067,997219.0811395906
1695,425553.3245091182,727014.8260946453,883951.308542295
1696,463556.28849188477,641325.8709767093,761362.1042693065
1697,531444.5631667746,635322.6660199931,758069.3338582991
1698,535170.5030647411,626631.3702868173,814290.4497847762
1699,519229.328088912,651518.1965240053,857817.1715392779
1700,507838.9204400714,721200.604517564,976430.9445545947
1701,430718.5018149807,759562.855463258,1037412.1602738268
1702,376816.4319949071,788950.6225334916,1060954.033789372
1703,354518.0260113946,807001.7241624739,1079028.0025235047
1704,350382.1835943876,819101.934405287,1125752.6776978674
1705,348320.34539869404,870908.3722830492,1189725.4630856435
1706,372920.94166974345,937465.7065084236,1243966.226191392
1707,390473.89350145427,997018.2586566659,1335546.6488435497
1708,422820.2772583584,1087277.2486120646,1422032.6886839739
1709,493318.93751718267,1149619.361793285,1474737.775852757
1710,551871.9246632458,1205492.276082415,1547457.4178390559
1711,545932.452692592,1230842.9693379211,1630345.8191006503
1712,592017.9841036629,1303502.7794286844,1753497.654655864
1713,584726.7212225131,1347933.477321782,1746685.5142043552
1714,564462.5320955511,1308223.8287145863,1700496.1564500078
1715,568713.2316977225,1262988.1015340576,1670902.3219490515
1716,524222.70495284855,1182486.254894377,1507540.6407909207
1717,481318.21197250293,1021414.4660299381,1302294.5909076282
1718,459457.985530783,896398.99440982,1147062.0192579972
1719,454021.7553048359,793230.2010430157,994700.7528957204
1720,472907.4754139606,690142.9132407352,865053.042042948
1721,529223.6591333229,672945.1662909713,856515.1649836339
1722,557342.4607978425,716697.846328978,934047.2012405285
1723,582850.4098497512,741080.8369328339,982008.2598922479
1724,528909.2446387457,839564.178832925,1094260.2481926377
1725,467095.0886420115,856113.8887980629,1178363.7009212116
1726,397435.14612821315,869448.373508661,1173824.030981325
1727,368665.52112565574,852794.5472799339,1159044.6098804849
1728,357817.6637088611,844242.469577528,1180421.6742955323
1729,358951.85880792374,892868.1460346984,1219020.7299699956
1730,365462.98845335026,917165.814439542,1246007.34097272
1731,377487.5034158225,940438.6432231345,1286591.1370587603
1732,410719.52361566917,1044593.8345754268,1345105.3509207338
1733,481163.1303985471,1084054.243202486,1393178.0630620786
1734,540597.6366335743,1141920.9929786148,1436616.6572766113
1735,537928.0549275376,1149263.5762689728,1515726.126917233
1736,556177.3985142217,1153848.4981502357,1582535.5875793372
1737,555091.6770602498,1186079.8823950232,1576330.0481187312
1738,541316.0368936516,1149925.130711422,1524303.9612662129
1739,536578.5685051121,1133900.287389746,1479745.4740893815
1740,490688.30387701094,1009521.6389222023,1300125.8808679369
1741,414278.70055532176,837614.2853026268,1069034.4958423546
1742,395357.42896203167,701843.4003060512,879503.8077138735
1743,412221.51135036146,615642.026882438,724025.0697570163
1744,434792.27457448194,508024.0871887876,570618.8818912357
1745,433466.48591837916,350806.7928664863,387364.0254051681
1746,454684.3588597381,346558.58932605985,439369.19137324434
1747,478172.3226880634,402094.53299544955,511430.29079886334
1748,442903.8999844027,457829.8663924111,587166.0568577726
1749,396097.11680108233,527754.2786857726,713770.9738488732
1750,332312.1099198146,574731.0642550542,768042.8303707922
1751,303519.9277408171,610003.010995497,774147.802936498
1752,290087.5528952293,595071.7181026114,818794.8260379628
1753,289060.06084555545,647972.5691670278,878252.4708076982
1754,296127.0978024753,689982.3325865119,912295.6496552879
1755,309068.0167561132,729074.3959969345,966789.807065543
1756,354816.83428415767,796729.0999632196,1030364.6541470654
1757,417014.0848057524,859551.5233447372,1079439.9406951154
1758,463042.5080044684,892552.8173184517,1104414.4769863682
1759,472868.9608784801,883383.8506938125,1153701.3640236866
1760,477076.56941261364,919452.4694137617,1226773.718066556
1761,483861.02136436675,924631.7048204021,1246273.524851777
1762,467721.5692868972,940774.6553293313,1193092.686766912
1763,482148.93049712514,870274.9644879575,1149270.5379184948
1764,445902.69847530854,771540.1687095492,970546.3000546182
1765,394173.5527374492,602805.0364337298,734420.6304784106
1766,382472.64697989874,494035.2307721266,600002.4250938767
1767,398213.02081066254,448785.3076948079,529733.4622115825
1768,419072.6404162555,399660.6449771319,479453.4977424798
1769,434922.38950206345,344981.9196867908,388936.90766900935
1770,472991.2541617311,355118.05576786335,450712.38941340084
1771,454570.0499189205,402934.2376411882,492095.61706581514
1772,432901.8232426364,463782.4841102341,566939.8255714374
1773,383736.96938587166,486092.58124251594,643481.0754644076
1774,332930.5273018052,505604.4817962377,668598.900510381
1775,298588.2143994672,539103.4469024481,708462.2235715982
1776,284900.82027901325,550347.362929835,759717.1413519832
1777,283805.8006554649,626120.2439056863,834407.4637876471
1778,291187.8198453852,670401.3162000554,887180.7543857468
1779,326421.93077918637,727955.6428956401,963912.2544108918
1780,362163.551017603,809273.2198704766,1050065.9949036804
1781,425224.3086966433,869720.0079817754,1106335.8478101343
1782,461360.0523122295,897015.123341688,1162931.662470196
1783,467687.4974678355,925120.0967811694,1240483.2538164125
1784,478114.0399537975,945237.8752591317,1306315.9956650564
1785,495880.10164996784,986452.4731637557,1313152.0279572525
1786,485955.21088452655,1003182.5069772059,1281175.766625228
1787,486527.8241161287,941344.3725341874,1226949.2839823582
1788,426174.3691574342,806271.6498820911,1024880.0353850463
1789,396113.6669698792,640594.8304856408,787141.9299144164
1790,378723.0115851024,513298.4649359248,637712.7499449789
1791,399917.91653174144,461114.6458842293,540396.9294166848
1792,418804.92257749604,445528.9062119475,451419.6749407629
1793,479153.039292445,319707.9934117974,298679.37012526323
1794,470254.1106771077,326686.9406254142,356119.58684673114
1795,469246.31205879716,379575.7263196311,437509.40941044653
1796,448566.7077640066,456802.09842745,569731.0445056435
1797,369904.42536340904,552352.1939572468,651200.4823643108
1798,318203.1306552256,562422.0032742049,715857.7229018045
1799,292137.44171382324,564771.7712667702,719037.1440084226
1800,287709.4313080147,580967.5936013624,787443.7202220412
1801,294096.3135030039,657001.4270256212,867966.1940800898
1802,298566.067730587,691674.8672434752,908995.1592566571
1803,310294.79753596586,752576.47055818,977849.0502140357
1804,336926.7041962751,826281.8183905244,1060458.290938463
1805,377879.8671630812,895996.9312079651,1119823.8530856124
1806,434922.59899530414,961848.6654195319,1194755.318659565
1807,483612.6511772211,1005072.3288360973,1281199.6351316792
1808,506261.0447061594,1029123.162912984,1365167.5553119918
1809,524399.8815141954,1078937.0009500268,1413562.8196246235
1810,532371.7719725954,1076278.2004038547,1412837.2444663714
1811,522405.58859609807,1004578.0379970581,1356052.9440447057
1812,466390.54879940476,877939.8440548691,1164874.268099317
1813,427823.1940460825,686835.304184031,954781.6966589463
1814,392109.64738800906,549095.0199587721,767228.7006182901
1815,407472.8575786352,466024.0787985464,584920.5265066669
1816,438718.57161425817,424800.29057469,479824.4575521283
1817,476151.33162009105,385433.51748876023,453980.4525503819
1818,491648.7668853632,399256.7270406846,502928.0905983498
1819,495084.90113708505,429187.3248737154,537722.2955507638
1820,463888.7370752515,490556.9293431656,637147.9527616219
1821,368009.7899038195,552335.8150585267,705439.1865004089
1822,327632.3558983993,571831.3941744437,745847.562472546
1823,293444.57734126836,587963.6928840667,750070.2734955288
1824,288615.70062534546,582013.4088980327,797464.7082923579
1825,294352.13345233735,658717.0110103656,863702.0516478433
1826,296229.24100945186,689177.8288694617,906857.132632915
1827,313253.28063235845,749843.2007450414,974049.9584676146
1828,335609.7592137021,800070.5628455802,1047450.343907221
1829,374297.36048010783,855520.2357705411,1084428.8796247514
1830,425499.1831856888,936825.3870229858,1143884.8284502637
1831,488228.74642280204,993810.8015626931,1235507.3475880963
1832,527412.5278580753,1013206.8289934914,1311701.3096215725
1833,530748.954524377,1026157.9326374145,1342749.0574067174
1834,550159.6979359806,1032810.7745359334,1349549.8753656957
1835,506465.7599658582,959910.5640127166,1245738.5645786338
1836,479452.5228171306,757353.2737166912,1012238.3405094186
1837,417344.6991837016,604644.4239713777,818086.636919747
1838,397562.6209138899,494234.65000930894,663919.3855835681
1839,389948.753020209,429381.81007041875,543691.781257587
1840,420559.4056203137,364621.68983738025,452460.25363009126
1841,443037.0706294429,371620.27634860686,436233.97922400513
1842,499311.90501834685,363163.99900464393,463012.35582665156
1843,474096.8811911983,399415.7829946599,481831.5195319797
1844,467390.23111686646,418420.87655552546,513162.98776988045
1845,371237.5683901468,437381.74472357606,558773.3381479234
1846,313420.9307008915,461967.77622760995,589621.5405885538
1847,279745.07483148476,458736.2752046555,579963.7507787003
1848,264886.12407853,464040.39296350244,595823.1735095194
1849,266035.15640520223,489909.5184055456,628579.0568007746
1850,272417.56757035374,505021.56646868796,645355.415651727
1851,280973.20099451835,540732.2713687177,690815.9862866421
1852,315642.3711464812,594404.3896541024,745282.1073782591
1853,378720.88145168044,656641.0578744726,784492.9248169829
1854,433741.1222829944,671041.1849993295,810264.7579049091
1855,422732.9409021482,685934.8306152951,856955.6655917614
1856,429364.7909052322,691880.2267832123,923638.4417216387
1857,434522.67053863424,726510.3921254019,920880.1002423655
1858,436599.45780341886,733652.8378687347,894816.9614398967
1859,442440.5478566729,717482.7380416418,907085.8292829295
1860,414074.10093542736,679734.7035928388,857502.8300929932
1861,399038.2764517969,660251.4905750105,819270.8963880358
1862,424749.5941403227,668343.0374200918,808664.5962725787
1863,456488.5698077066,683900.5778088045,810772.087814605
1864,458731.28603605245,667147.6894336882,794061.2240185268
1865,493115.9388823158,578381.6856326073,712632.7790874443
1866,512641.1312636027,564165.0177507757,758774.1057570569
1867,510348.276954285,552957.1469601872,741325.4122002725
1868,465672.99604551983,619102.1555217229,809763.0279354297
1869,399893.8044030952,631311.7380653671,846257.7337219232
1870,339483.83283852506,641255.554636016,855750.4155847107
1871,316104.77163815923,631908.3585250101,832401.2483814864
1872,302553.86042206315,616265.9336144753,866305.1308659796
1873,295480.7732945746,670672.384127974,898427.1960834526
1874,304617.2382847959,708039.5757676653,920171.0014273821
1875,326091.8252850368,756656.0491677464,975276.3332597954
1876,353078.18254118465,821296.0089987628,1048165.8877105328
1877,422787.0880231676,897598.371555769,1097334.5959392113
1878,460081.1794360422,967468.7917078639,1149470.1592793553
1879,489687.05556291743,949165.0239739376,1227009.5234448607
1880,491651.843268864,994739.9833362428,1314408.3537343265
1881,501222.07218576013,1014283.4208740314,1331548.6601050827
1882,502820.8384326643,1025243.648732956,1295127.092047183
1883,479397.56229467405,987660.074225462,1290244.510045957
1884,452185.7678080351,912648.8613236119,1176381.8256265887
1885,408646.9482443138,790194.5899952762,1016165.9794858607
1886,405294.6065845996,681444.9288832139,865797.5544033716
1887,404070.02615534404,590071.6755948459,721403.0412737422
1888,413255.6110941125,510725.4530299642,617144.0889679902
1889,457224.89139429515,379757.0882531929,398825.3539222209
1890,480111.8329382549,350662.86883715505,446282.1637045842
1891,491501.1393566661,409004.5744662327,492940.8015091802
1892,448977.72639271105,494711.1152776814,630549.3336199882
1893,385768.8789810607,529306.1788481376,706613.9780434003
1894,329965.5599472235,563635.011554344,763305.097977592
1895,300265.4019848357,602698.8711032446,793232.6678968605
1896,295317.2853657848,616377.0609363723,865273.4969594615
1897,306297.68441658537,705230.5004714443,961678.1829660365
1898,325935.6986166009,774303.5527749488,1030947.0592096281
1899,351160.99125718314,825646.0140973638,1113840.3078333687
1900,389363.34584807465,928102.3221314175,1217698.7737566277
1901,462398.9379496139,1014258.4918182421,1295101.779310581
1902,515514.82768320135,1078472.0743873543,1371483.2420565828
1903,524567.2414853009,1108623.8094506634,1480424.2397797878
1904,544258.8314544295,1149316.6673778011,1550904.2086896964
1905,542796.5022774813,1186571.4690894422,1563561.2374329425
1906,533635.4539660806,1177469.1733156107,1502038.8233810402
1907,524406.9036231209,1099341.1586754695,1408288.9353778118
1908,437853.71686706244,910407.3238473991,1193303.29553597
1909,396827.28426138137,731947.4667730427,948754.192400896
1910,376278.9701302045,607017.7631122345,791556.2593382908
1911,404765.8338000611,524190.80941819394,630252.5664076422
1912,441459.4787969504,466725.1866756359,524557.0612356287
1913,447629.57836599706,420373.6638639468,515887.7586182238
1914,481939.4202074773,412757.25182066706,551169.7359340586
1915,484116.61308335466,456188.61410139466,572489.8763535247
1916,456924.61574503145,564418.0225021293,695243.5121224013
1917,402083.0787990414,604224.320495097,784807.3742568867
1918,345046.9335978444,649788.793611307,865958.1323352752
1919,312931.0293713523,661315.7590899635,884270.7813521231
1920,306969.27624530013,679735.6572834986,933117.166449506
1921,313818.3689061538,737712.1475059025,999820.8868649483
1922,323778.2055928867,776367.5818940531,1041927.5017687875
1923,350141.12261267763,827495.2172559225,1112087.6289565924
1924,380467.289858667,924117.5758377035,1179818.655226958
1925,454891.48051680264,950279.8349030543,1227255.470877074
1926,494875.4142085445,1025617.9684695416,1272544.8425468747
1927,494642.18834579125,1013554.4728661336,1351783.4354301745
1928,543532.5382535383,1052530.265691276,1403324.8553365476
1929,531620.5519831906,1075286.4275835606,1387156.236156081
1930,504343.0013271466,1040812.4036596023,1331084.2042504158
1931,476479.19966597384,943260.314181864,1210140.4475301492
1932,427240.59601382766,791409.4844275619,1012583.3667209814
1933,397647.015389534,607882.3735507792,755202.5360140979
1934,397570.60729781905,503640.4654319737,643436.9011788638
1935,390812.2027688667,446775.896516449,534584.766311162
1936,419824.44299203693,416441.0979702082,440608.19317964383
1937,444597.26349225856,375597.14423487603,408311.2487144975
1938,462297.7851156989,382546.3833194539,500608.99934200756
1939,487700.32590386615,421399.37152007775,541770.3250695965
1940,456386.95449921105,521926.2764189717,643641.6184570075
1941,398451.0670235515,511864.49854569795,699430.2512859104
1942,349647.6173433704,548578.5783475436,732243.2807337123
1943,297779.2186029842,590060.592197961,777385.300511699
1944,295916.5344485235,613480.4889952128,855587.5536246838
1945,303412.4363658782,705152.0455719357,957491.0331464086
1946,316674.0651366793,769647.8647630903,1024052.2759846253
1947,349114.13878242514,849579.1208310479,1148346.277270708
1948,386196.86495456955,970495.523540183,1260153.884140701
1949,457298.2208054172,1039900.6819190561,1313781.6659457043
1950,520336.2984245425,1102930.3156606257,1389056.090779801
1951,542468.3724056307,1146355.7943059872,1518594.0312277423
1952,568298.7743065208,1190459.5938203705,1596415.7907181159
1953,574903.4585077523,1270546.7386907474,1637592.6894853453
1954,582713.0986149204,1288820.1744834431,1628352.4705411957
1955,550254.6628494905,1240674.5192876873,1602344.913557452
1956,510937.0333047036,1162529.833328344,1458175.9197135814
1957,466219.3577089489,1015679.0886286396,1278508.2062527107
1958,449977.74942550535,931236.8355369323,1149559.6415614148
1959,454123.71619813517,882541.7763548436,1060712.705443605
1960,521431.71346896864,842398.2294696236,996598.6743305105
1961,543708.946202549,811727.1307101412,1016404.354973444
1962,567065.0198856895,864148.0878994275,1113710.529556593
1963,600728.2546743534,916243.8072860056,1180074.4386800865
1964,562249.0577111209,923614.1863432922,1217128.9089575398
1965,460792.28633514245,904833.7481895153,1243508.4861884373
1966,402214.9851692671,898221.0636010505,1223826.03539516
1967,378850.59909623925,923686.9619008249,1235234.3297104256
1968,398817.13240268413,1006522.3009160416,1371703.0967936264
1969,407207.5530600156,1132144.2362638144,1487164.7651827335
1970,417069.47616451787,1195972.128768856,1543071.8041200791
1971,435824.5302110041,1269833.6658672243,1617327.8253654977
1972,459511.4077882463,1348300.1324471822,1685201.2402972765
1973,504849.39791426505,1398541.2285342398,1739955.9513223034
1974,549778.697858942,1482134.3373436974,1769097.23538843
1975,582067.9261547597,1469408.087933538,1800524.8773500836
1976,617695.9985253213,1423998.9206021633,1825322.3842721083
1977,631151.111417483,1437237.298971191,1845280.0549288758
1978,631461.7912671932,1467578.8298315175,1830091.2555044917
1979,612333.7119353454,1358537.2880947108,1761006.293726897
1980,568990.6930196952,1196260.7797347058,1552273.810612459
1981,502048.6657955529,987360.3022503095,1300400.7268257844
1982,467215.683872796,802802.1968277212,1077370.6107158996
1983,461449.9093942287,681206.5599211104,906292.2600397818
1984,475008.95271138754,526753.9201647482,700964.6765783522
1985,494301.81112317706,481851.7436222663,635897.8200614243
1986,513810.7785427533,503711.3473181745,649498.2409409138
1987,514783.9441481359,501453.47063102835,632227.025310465
1988,499878.3868526587,534372.2932120782,693801.0900488417
1989,417515.9714679345,560059.2805027723,743847.899081057
1990,341427.58031786926,624674.5564990189,834693.3040096064
1991,314061.92159113375,645372.3777707403,849223.3822902641
1992,308033.07189016574,653234.8345590996,904674.4591649611
1993,312087.75243821676,723842.4805076796,985387.1073101287
1994,317722.3647086937,773814.8455877544,1024588.3276555163
1995,337632.06992436777,837502.2714651696,1105164.7986290767
1996,361979.0874089303,915504.8884243529,1171676.3617465252
1997,409634.4570464425,959198.8473208364,1217567.2050376753
1998,474957.3381845906,1026421.5347670137,1289489.3014904805
1999,537741.4341212857,1084838.1951414486,1385736.2974298887
2000,535857.462941018,1085843.2043054432,1452513.3998594035
2001,541763.205008443,1101127.3828445505,1472325.409771987
2002,532147.2315850494,1108385.1904823564,1449990.8440307758
2003,539444.1535701352,1053303.253329388,1353309.568730045
2004,479594.6763994612,834732.9531891446,1128984.2427350471
2005,445368.2023215183,638149.3692250922,880322.1874835327
2006,433758.7061624451,498576.7659195355,687395.7014223089
2007,394373.3426610085,411202.91346320993,528121.680491033
2008,393907.2723965141,330803.8359271257,389642.9671203896
2009,425642.50520726445,288586.0221731166,351699.5256921691
2010,437838.24416362756,303783.54818667716,383537.4195928772
2011,447196.17528369575,323106.9854073197,413871.32596584584
2012,446896.62545540294,402369.8015808834,518695.9280806496
2013,380347.2080566592,453047.9884802912,575098.4413505382
2014,331946.69989818544,468425.780352064,627468.2690044485
2015,282904.717385842,512274.4285456413,664830.3200823783
2016,276628.8844085595,535890.1320890415,729320.8412510637
2017,282029.75326910923,613875.0091256077,800923.657065287
2018,287504.8547719662,632526.260092662,841316.8862308791
2019,308987.53870948043,672489.333674415,901906.7566905929
2020,342663.28039224545,769923.572262133,984633.9430001792
2021,394684.15188969247,819622.0255716,1028445.579062427
2022,462151.9710861473,850340.8182845594,1085784.007565965
2023,459393.74155994493,870608.7377866236,1145872.0236328843
2024,478131.06959358294,869058.1064578261,1197567.704123772
2025,485913.00260504294,912549.1560822184,1197461.8404293493
2026,469211.26556880685,896488.9141717296,1141775.467469177
2027,455338.06064147863,831620.5432841851,1067175.7598375147
2028,425175.656713431,718556.8942131724,934171.7472344898
2029,399121.4819808413,625497.9869724177,776335.1094585693
2030,404161.6202607311,594050.1903547457,762893.8694622878
2031,431548.42867278296,605129.582684175,735833.4042260593
2032,462993.96863499406,571155.7809472319,698181.2359539514
2033,501714.92225047015,537689.2883509467,690726.8531963944
2034,526280.5121821875,530040.2086380956,737282.2312567321
2035,521535.9762190767,570067.8582894137,737549.1175893479
2036,491073.7070531099,600118.7493023474,795242.5871437141
2037,405089.1679696818,638730.9911586704,868426.1042913237
2038,338841.24891794886,642366.6811278036,857382.1972605119
2039,306628.59426672343,614511.6128391592,810153.4487328095
2040,303908.17990477703,555637.0175251485,784158.8868296148
2041,301716.00920869794,575105.6824071062,785341.0916262752
2042,296313.25191442337,575221.6284325907,772415.7485625343
2043,307942.264371988,598109.6649525235,801959.3176155294
2044,340866.1207068435,670085.9367350066,861785.877374395
2045,404393.7047765236,736883.3784835729,912129.7800883666
2046,425938.4008566076,792807.7176427057,969651.0148324106
2047,436161.6809998932,772519.297879537,1019243.8283787653
2048,465795.38638705487,742134.1684124353,1006671.5614732794
2049,486363.91445559746,796562.078373625,995818.214608596
2050,486771.1689272135,784486.5855519641,961168.9072552474
2051,444212.41047165485,705125.2792464214,889318.2578374144
2052,393366.625340112,554538.2757870248,711577.764922026
2053,333319.6850563635,440621.87776203797,535817.5348665132
2054,333121.18383967824,346252.9403141713,406141.4892878732
2055,359415.1784875302,294676.3071374229,290538.14637964766
2056,399669.3494028536,231693.5643277073,212584.41388408956
2057,414691.23549184954,205449.54053272746,202962.15323595377
2058,457723.97653687233,202019.75127766005,215227.24207779896
2059,455028.4300757438,222889.0835829786,240817.7039238245
2060,411272.4977028975,273349.3712406021,307688.3899296023
2061,333341.19097570743,283530.2835638394,373562.00162008574
2062,277020.27342316485,296810.49903364794,399427.13143820874
2063,250585.33767271295,300385.50752615056,406459.15033534495
2064,233312.25829076755,308935.68842428253,428563.1248757078
2065,236373.6457645469,368577.11659585335,472376.54357454105
2066,238808.50001538504,376889.94299331924,493789.7656182379
2067,271137.549140198,429368.15198929096,543098.3775585024
2068,309973.2656420075,493932.53692466585,612646.4518612016
2069,351796.4628461718,554620.392195165,658205.1683102583
2070,408361.39630389266,573744.6439984975,707301.6046514062
2071,415982.4078407534,582411.7173868567,773711.2997817084
2072,447204.4297528737,612484.3468977815,848231.7892199167
2073,454867.49904561555,657880.600877368,863745.927832338
2074,443380.627795894,664864.1785677682,830850.3611018215
2075,434618.1180537117,678724.2329518647,844595.0304895758
2076,396304.28377446654,623120.3291263278,768354.9664372684
2077,377039.99806053005,551241.469913202,652023.8872676104
2078,367534.1859622545,471553.37980401306,551725.738675094
2079,385530.65231340216,429274.43855835934,454643.2908639021
2080,423656.8417477062,351997.98171705724,380678.7039589311
2081,435698.0502260951,312205.9116822615,357556.1235163819
2082,450778.1375096434,330051.05527282483,421056.2361187491
2083,468281.84393345774,357282.611812869,446294.2874320195
2084,440684.82815299963,410289.0787788113,515604.7965970685
2085,387362.15738861373,460188.21532577986,564556.5685471668
2086,306894.2177294175,446585.70161634317,579923.3807307255
2087,277351.57948313444,447457.3638704699,580736.274092733
2088,264651.3362934613,453027.31503755506,591393.6836142954
2089,265765.9825217666,485141.8071996127,621108.3794095338
2090,272125.6795772504,503406.2481652717,646560.7830602417
2091,286265.643796066,529838.5099675971,678047.230275068
2092,320137.18269477796,579444.2517073881,719182.5105059079
2093,370744.2584001799,637016.5955536704,768721.4243248232
2094,425755.01876562444,670639.4153798219,797713.4300661095
2095,432744.41251598066,666746.268371942,837709.7192833305
2096,429417.58312451927,667086.3146308631,901651.3483526735
2097,465303.4788069403,735037.6731409723,953558.3285854164
2098,447703.0784036823,760816.1750205284,889156.0018116458
2099,463815.72868592676,742291.9250551508,894657.6856709254
2100,436078.4990913864,702398.4255067884,862395.0132384062
2101,415786.4745385975,637278.811804209,774357.766078955
2102,422981.05980092747,594375.4210687245,741943.7995514724
2103,429691.0536820943,582765.4241180484,699150.8792567444
2104,468150.87377523654,547562.0404889969,664024.3146831746
2105,490122.85050801135,500912.75463910453,632171.7586298597
2106,517372.45158776804,506525.5245526351,664885.8013032271
2107,492144.54070532235,511595.0272995591,666693.8420045514
2108,484649.22936288954,551356.1611492578,717031.59305551
2109,391847.8361831992,542305.1203142649,728309.2993782645
2110,343391.3264660418,544094.9752333203,734281.2461304069
2111,317976.94488790847,517067.0650815433,670308.8849066142
2112,283414.20099268947,484179.29593148886,663745.2347637921
2113,277806.4845488926,506415.96454584406,664430.6743605492
2114,275329.7951415537,498847.5282707152,648473.6714697169
2115,286194.11499893165,530407.6295482331,698033.5209889382
2116,309696.59283945867,593879.6512021733,730454.9736588842
2117,371247.9773797429,598251.3575005039,740120.4288093939
2118,417945.8427871001,630696.0911353593,750437.5108494353
2119,419346.6964847054,618485.3101034529,818130.2676438267
2120,442253.0691891164,635921.5059943862,873479.4559928821
2121,452259.6697029186,682072.5561541771,882607.1605237053
2122,448943.787505234,731930.533973759,895223.9430224316
2123,441905.61226511066,736009.9938501558,921614.289521016
2124,437072.4043816299,698961.1695723352,860205.6824351915
2125,405780.67281508143,679735.6514762331,804464.2827926344
2126,412710.8522739631,680569.6498204505,814084.7146877741
2127,436242.6841300772,643035.0280119348,730833.7041981436
2128,463991.6899416357,523626.7839799485,608830.8875865039
2129,436930.6988762491,439363.43982212467,512230.59370151244
2130,469505.4645948899,430069.00115228235,575937.7533062879
2131,496051.88971084927,451902.0885610441,600199.1448344614
2132,471131.931498769,501778.58643648936,658870.7893104738
2133,400626.6880476199,523896.4035869753,702410.2741398683
2134,343826.11649464245,520902.44288955216,705204.5316118344
2135,316566.830714892,544695.1041037056,708560.745932274
2136,300716.1798060191,539692.442610475,742961.3951595034
2137,285802.13149019436,616868.8863405291,833766.455708796
2138,291250.7290957474,665348.4222384918,873079.4308784592
2139,309503.77766573365,716353.7333049596,928874.5902889447
2140,329515.62835128466,744336.5491887324,969147.2290453056
2141,367660.0881058732,767535.0447027598,994200.2095428513
2142,395365.57722615794,822606.6155536468,1029069.732064271
2143,458538.43205780897,882903.5077286043,1137168.3449445053
2144,495194.17132956965,896281.9497976403,1194933.7975063487
2145,516189.18828669214,912450.3910251921,1221428.8845084785
2146,519340.6736040593,932221.4101935772,1230246.0606667034
2147,488880.255404821,821783.8837606277,1118881.4990379107
2148,440455.7220938258,671267.788665881,887334.2460436712
2149,385216.03553029895,516338.61186375696,676767.7584209435
2150,383963.2122702234,401526.87134328514,513968.8759907023
2151,409811.16125395475,310055.3648522396,354697.4678209283
2152,427606.8089540112,249651.88537185255,284396.93590538367
2153,423616.82675562875,238073.65732144204,231741.94419228123
2154,421333.01002897247,249698.96932142918,237540.7969992766
2155,443921.5874507076,256825.29128720573,270551.78035476105
2156,403674.7178151961,286859.71680904867,323901.2957237447
2157,348694.69831037056,340299.9203453609,407722.3862244487
2158,289354.01530836767,376028.6493428674,463803.21562517685
2159,271958.70483473846,369174.144386939,491060.59788378974
2160,261181.0377236536,394193.68501212995,540237.9354544012
2161,262636.7172398627,462589.78981926735,606426.4628460046
2162,272178.92679588596,495963.1408171327,653326.9586819868
2163,269091.68065475544,569817.3552527678,732058.1841125026
2164,290785.0749780413,631162.8933761565,798981.8601902067
2165,323707.0492266564,658478.1841252493,831866.9571052219
2166,383884.7819257741,750370.0006437831,909081.917247312
2167,459055.3521525108,771679.0037349616,972389.2459497158
2168,490115.9834614696,793587.9174741727,1045242.2776048707
2169,474461.56924773904,831007.733102025,1094560.6867824334
2170,458890.5224342171,819591.1352565294,1087555.4405468118
2171,486500.0063576704,792520.8556815126,1027640.658880344
2172,464012.6742518871,739727.2835321858,973957.8248551195
2173,444280.0438059358,658920.8579253115,857628.2522640297
2174,431355.67076809314,581725.7724782713,782252.1230403106
2175,430007.20246089646,591342.8317613014,758517.5198955352
2176,445937.9464963275,517537.41095453623,691795.2860008845
2177,446450.803312933,442565.2309981341,592286.7563479566
2178,495776.33533716184,471305.5227016111,602917.7866058708
2179,500370.2296206604,499137.64698981267,638640.3601612458
2180,514972.0045701451,498014.03337353974,706777.270160745
2181,407413.7477860405,533029.8558950839,710708.6430279748
2182,341585.64667036774,535565.949533924,732714.4368545506
2183,298196.9995405389,529633.1647186944,689842.2314747771
2184,287280.5987063144,480279.893566664,663764.7993411256
2185,280203.2938853595,493176.0968715608,667785.2635868437
2186,275969.1807501263,502183.50926559983,671952.0185727046
2187,287586.01696341514,524407.8860674619,689306.2634338022
2188,313047.0597589011,558043.4362324438,724320.0812069236
2189,372853.03849799617,592964.1804719833,728576.519647827
2190,408767.8900469319,609520.3013419113,747912.4077920703
2191,422447.05453323055,602314.9516348548,784493.6213364889
2192,431723.80677913333,613447.8543559858,856274.0803305696
2193,440081.3944514731,676317.5969044474,866672.7642653642
2194,445562.5052251306,644123.4433735526,820513.9181579577
2195,412046.56997520267,639121.3186429893,806754.1790386186
2196,391770.53213027865,572857.1267785515,694435.3394469921
2197,346553.1330158958,474439.38319742837,576083.2496393619
2198,328936.78406006313,392704.7873302467,455490.99620371
2199,331899.06246679026,352883.3346232471,388393.54180960817
2200,353500.26547426014,313340.0316563168,301795.91071542737
2201,385539.1240624157,284384.08910410386,290971.09909273795
2202,389886.7806304451,265041.5507625642,327305.2434729495
2203,437314.21426150645,295022.9007558604,360629.08277114417
2204,439573.4208423451,328899.9700347856,417950.5895181595
2205,357520.0817453497,371403.9705830425,448185.0404466756
2206,279309.57771939866,334720.0288039119,459589.30461570865
2207,260950.0164259472,338084.69206796243,440399.37012569053
2208,235168.63236798276,335881.631696741,451145.9655856783
2209,235748.43118259477,373282.15545426874,476205.6166416848
2210,237545.52721955336,399908.2294749764,497445.3738729797
2211,252969.95397583008,429847.0673481529,531460.8120220496
2212,285077.00039656064,487956.9756941825,588262.0337661258
2213,338157.41438449547,515651.33874300885,622261.8597630413
2214,393922.0420714543,571331.6812670012,666557.0078039203
2215,402952.6205683596,584613.2774974017,731830.96629469
2216,417420.48843710206,604404.0812287058,771440.5878804043
2217,427475.93069636286,620015.1365337525,795194.6997861803
2218,419214.1531332149,646474.1977536308,774127.9467277139
2219,432480.20788280305,652351.6182593129,785499.7951865931
2220,397326.63753327756,609708.807242492,727972.1365569438
2221,373558.8199353686,574400.4541537814,664702.2743892384
2222,381383.9161501925,529535.1202302476,624304.5782758913
2223,389785.33098943793,533282.2972419702,580458.1021050126
2224,399520.40866806306,482509.37833777716,543742.8756419148
2225,409807.5937307506,407587.7221860489,499101.1604954274
2226,440207.78960438544,411459.5911799802,521644.49205783516
2227,465411.8436514422,388647.43377371755,519979.69672916055
2228,432863.64606827975,414563.654757059,533874.9937952325
2229,360783.1123328147,445395.77331086784,546502.7913530428
2230,299245.80429763725,419075.09611616697,529960.0819533453
2231,266974.5293727302,375471.7099122672,490997.5408856413
2232,230428.2657872809,343439.15854697005,466226.00004777854
2233,221898.8647465364,362525.1988289644,478380.0099113569
2234,227327.5030277667,399112.42694786144,487056.7559777581
2235,249606.2334869793,436866.9516316192,559198.2415039007
2236,296300.09429973824,525420.0759789163,636914.0991115128
2237,346423.7109324041,587075.675442184,702167.8315555428
2238,413022.4993012074,639943.9137233084,744861.6079758381
2239,424944.7084805168,638028.1701246515,803662.3471445389
2240,467426.464681347,622884.8632081,813816.8610668925
2241,437071.5771415652,652886.4362425009,826782.9742248809
2242,433758.5754735296,671944.6455385464,825759.8107146338
2243,429105.0900761193,690747.0087048542,843005.5448196378
2244,402179.0160185895,662380.1342572056,802419.2605885782
2245,391778.41902783874,658458.8310145453,768360.8582940634
2246,376653.7536492276,608022.5558998388,715527.3012314868
2247,387409.0621913276,540465.4951850859,659791.2176321862
2248,417883.2407638036,495325.966277722,596688.9882969514
2249,419468.2585845901,442425.7229326855,478229.6685819336
2250,453705.58517632,444496.6599048178,556822.1956458432
2251,455471.1801798434,460301.5168065774,558976.1903765667
2252,463097.561360986,472292.8318285795,621604.5367447918
2253,417543.4600450587,489687.4301347434,682702.7339659947
2254,336686.6222085558,501357.8748366782,672377.3453493007
2255,301897.09506647976,501651.0842659419,662688.2511481364
2256,292729.4712773408,505939.1053770062,684841.8728677836
2257,291647.716630047,554431.9745737611,728240.6540466181
2258,292785.23230480065,593817.8038567902,756337.2316051426
2259,304860.44198897935,609852.3049223267,791435.1797916186
2260,348436.94011600094,678824.5006920677,864191.373995733
2261,416058.23623195454,712938.7231082541,881209.141582613
2262,454175.7263185164,762569.6787063993,913984.8504030057
2263,457036.4508084539,760770.33078118,965308.0619353234
2264,443032.26047907013,734447.5410109817,983868.1357792713
2265,441064.7346994052,752076.7670371457,971817.1214655078
2266,442128.2894930728,740233.7410495867,916748.6117300707
2267,437204.5315464815,720849.3892556081,878347.6315863639
2268,400831.05525231676,586545.1021193509,740202.522731389
2269,356920.02180620626,484673.29356659064,587820.3664384605
2270,331430.9230701234,386087.4649564035,466652.101250178
2271,339086.4368281654,356565.0913142827,360119.98168149724
2272,374030.45736594906,305391.0377904435,287145.97936800733
2273,377232.1633402189,272759.984078197,262127.99933637824
2274,375962.5873348995,238521.0051099819,304356.0587462666
2275,407994.5136652842,274719.79902279907,324016.95981886046
2276,416803.33307529386,282893.2040405155,337328.05582649534
2277,333453.64042222104,264527.1125348411,368792.3129267743
2278,261299.1056169994,297507.72687202296,379734.92554277007
2279,243662.19956198402,289956.30087009975,384741.0046149486
2280,246903.39863682166,309286.69498873927,417476.3739956116
2281,244690.43115039277,349673.7772167815,472428.3155859392
2282,244984.26989235968,388330.7451867017,497814.21593560936
2283,258444.41523225626,434466.3816132338,561862.7294744384
2284,291281.5770705574,496406.7091654508,637771.5177177511
2285,336593.18033453857,565329.6629773554,682471.742806084
2286,399893.59561842104,609051.9553657323,742874.362563403
2287,423570.72436372156,663313.8477133065,810301.6076401598
2288,415998.6116887537,684906.1606462174,887927.4842079901
2289,447209.52071358595,704230.9065548355,912265.7490309128
2290,459339.78800927824,687873.2359796023,889489.5983380713
2291,436047.4146179114,678988.1301985643,844220.1633759479
2292,397841.95481370453,621272.2730489151,777354.3430230722
2293,386651.2916706908,606989.86756931,726163.7107724418
2294,393312.76536646264,563521.0940689865,679343.2136162382
2295,405554.87181854027,518624.25062367454,628375.9071951456
2296,422575.0860617366,485451.1847454568,568362.7659626795
2297,443905.5588614037,405594.9991764606,516574.0595065705
2298,460329.69409392955,398658.9465167795,549316.1347183668
2299,468836.6703631292,388769.21113127604,536356.0191329618
2300,497622.2382351719,460610.41319280583,624578.3126415061
2301,411455.0787904917,464348.18978862267,650761.7583726837
2302,318624.0026809129,450317.9144536955,619357.9255188908
2303,289809.3498737753,440447.96979844425,595589.3743494335
2304,270490.1873062047,427870.4087901091,601758.2022845263
2305,272098.2326670837,459810.22189028026,630410.5210620743
2306,271428.5267462526,494354.7463996978,640604.438340468
2307,284232.4533967602,507547.71437834844,667498.8549981387
2308,294267.0683596912,547377.291562555,705095.2757339563
2309,338148.9719049634,565534.7128791567,713196.6292392866
2310,375405.62460713513,637869.3106927044,759925.9783585402
2311,433312.2699906592,709162.8859904462,869163.1232734957
2312,474266.3378405317,741320.4628035411,939458.8895660999
2313,489840.1047895154,746760.0887074464,978347.7235533843
2314,505903.4733993934,791341.1810703079,1021457.4350912482
2315,483614.4589897492,810011.5184878905,1030843.7142505762
2316,462004.014770653,716829.0403279102,930339.3490382767
2317,424769.67235976923,607365.5330644798,799547.2063330634
2318,409497.8233366582,515382.63150999753,686020.4232983341
2319,404562.76405887335,453817.935861079,603571.7274151848
2320,405876.4842135039,412854.7452111047,513854.8284084133
2321,417193.919267928,357038.6285025335,437029.0532232553
2322,462265.42909312993,376959.7135215743,486150.2891384209
2323,474116.788602254,406404.8437327574,523295.63367165485
2324,462472.55780338775,414576.3151740625,551265.6224056195
2325,374843.8208083459,422183.39959910704,563528.4146173759
2326,307824.53496047127,429722.0628331921,577602.5910563315
2327,288626.65228199866,446662.89908986975,583201.4998744657
2328,274290.1260969126,437972.1804050422,609507.4871116705
2329,274892.67938822607,493585.76047916064,675487.2389767962
2330,286286.16091396596,538634.8380430118,721737.5536319279
2331,288154.46588476724,627332.064855733,818358.2360837286
2332,314297.1399340901,705351.2375623176,912965.338071728
2333,349870.7095486641,770781.8880669723,969411.6010305687
2334,413342.3676839563,820476.8315634332,1036975.7770012618
2335,471089.8179973384,896159.4540416049,1126897.7045354138
2336,531025.1820736136,918073.3189518735,1207928.4640269605
2337,555774.3306702189,944281.3859556017,1241887.4087661572
2338,503636.9715647723,958240.6169616614,1246959.2579673678
2339,497462.80550794705,922146.6125118141,1201443.8020610497
2340,453000.96096869226,821983.7490484646,1074226.3085771375
2341,417487.8927048763,662720.5583193521,884051.4852000094
2342,423782.94472810265,595373.23082244,783684.6729894262
2343,440149.54213602614,568384.8674135655,681051.3143312562
2344,429242.6344070704,509526.44643522834,619437.2143275894
2345,414955.5518189168,412786.9296173767,493596.10661795666
2346,447113.5970483299,422832.33214918594,527838.0631129509
2347,470291.87366108,418880.24617089675,544483.5496321856
2348,478244.51389500085,428757.1660891934,558367.5921754283
2349,394683.57024822733,442095.6402600601,574590.4807063519
2350,309581.608294722,442997.7150760475,591619.7232402669
2351,287306.92367111804,444925.4218303727,593845.9867413958
2352,274571.3568770417,442373.15115075465,611965.3603043496
2353,269545.07199692365,482739.95885847905,665208.5352217222
2354,275003.30278141017,511786.0227963868,690614.6162952292
2355,290126.91879111924,545799.7298071481,743032.2751794895
2356,329462.9103144632,615571.5560833445,812468.1829777386
2357,381137.49535398645,695253.31980197,875464.7629940844
2358,439755.8017697897,731243.1506908081,920692.6817033781
2359,446472.9673144277,753046.0188058054,1009515.3161091425
2360,436449.5056909261,758473.8134584586,1033345.738901404
2361,450025.5701394854,786298.3099575255,1042576.6725478604
2362,447267.7226897388,739327.5705292241,932003.5432979154
2363,429505.60877306166,634246.3588361864,814354.9927879821
2364,382183.7262560187,515365.41368785757,646620.5417435947
2365,343891.47576948913,370149.86638593866,478684.7952640372
2366,313908.69281072036,323532.18195694865,364516.16728168965
2367,320430.36923477455,259560.32555354058,284591.8421982619
2368,369984.431498058,240446.93971791325,223838.1083633245
2369,376188.60072002595,211336.17362787438,224402.93312551166
2370,388377.46380166337,222521.62770603373,273061.7120303193
2371,407651.40177559963,224607.86556862693,284722.6089509423
2372,412101.4788091882,283909.50300109107,348440.9265343251
2373,353509.2196756309,324145.2139358137,415473.9437377469
2374,325475.8929155216,340192.53374161595,448344.48344690487
2375,263603.593047825,350464.5697435676,438735.7324316285
2376,245507.9345397883,336827.88503639976,459432.0970596493
2377,239259.73045512155,367643.6095325846,487597.58824384224
2378,246036.8016970578,404501.29518214084,519703.85066536063
2379,271568.53177943797,432333.4283882848,574193.9552660782
2380,308734.32715922804,510371.8028298414,637248.454489248
2381,370817.3778672573,566392.0088197415,706226.0257842311
2382,412576.91988243075,631704.4242429768,763740.1369478685
2383,423385.511987554,622389.7349322275,828449.6989886634
2384,409034.6394749213,686026.4465982311,924090.2420915612
2385,417470.92738796753,719998.3866799109,964496.175642514
2386,417535.48213627737,655133.6332154081,846857.0451824872
2387,387506.40191927913,552782.3725763283,724736.1125517812
2388,348991.31583652645,432805.91863461334,557679.4153633395
2389,330363.8904496628,326542.95156067685,377881.1108011731
2390,310759.28338477045,278033.621012735,293153.7872087265
2391,328852.1856409685,231357.02300128507,220040.70432085052
2392,376921.88227190636,216527.46014961554,187759.41368677586
2393,380729.9873936339,229876.3752118586,164133.2413648146
2394,384379.1959442259,218846.34843486387,184198.70114060695
2395,420966.5891436112,227318.35952567816,227708.84891920647
2396,444273.5726906156,272807.0278047578,298911.77742567006
2397,342151.2658752525,284916.4231364334,365275.5439067174
2398,267974.48638698837,304921.2407102487,403742.4541401729
2399,242664.1216034487,308613.6889198724,415062.0256962733
2400,236883.77751406544,324878.6326337831,458013.62990527955
2401,243434.68150525872,377507.7004429213,501791.58396382444
2402,246343.42807010323,407670.5124749541,523396.54199613654
2403,259540.01097431278,429443.05271657615,552729.8317863571
2404,289792.8973918739,502110.3218903823,610824.8707236523
2405,341306.5214702095,525817.6195123417,634093.5798991546
2406,373932.32150052,552846.5419177215,657531.2196884359
2407,391910.6879565631,549218.6634830632,707589.8431799996
2408,403808.5073085654,570028.4451920086,732558.9790479977
2409,436577.64465085394,577254.6958336155,768459.0428085462
2410,414697.1220760971,582397.3963076557,719966.0075790219
2411,403411.91921356187,562584.1316833984,709144.3413561377
2412,367314.7560874779,545872.1606760388,664691.1594577198
2413,364874.67425512127,529193.4374347833,654424.2412754091
2414,378201.65775486175,580962.8985002877,690515.2397327186
2415,401419.9790198487,618271.26058608,732733.2573156022
2416,441006.1394667772,604767.9264542391,746251.1951665711
2417,462219.43293408613,603331.340932588,732824.421643726
2418,493484.0440351,591871.2445855485,796190.1175098388
2419,516462.8004918241,616059.936393922,784585.5115336417
2420,493996.1501284246,598257.0091679207,785035.2420961589
2421,420833.34180708695,551877.7886344062,763581.0460307293
2422,336430.48846826877,523154.86074309127,722523.6341328607
2423,301309.8429767587,490344.5441038404,677346.5383457593
2424,287598.8144041659,479000.55815533473,673892.959720859
2425,284066.3893345411,525698.7838508165,721944.0450703372
2426,295815.38773801806,587165.6634805079,770293.1363559237
2427,325173.886267211,637037.8845056515,827101.4829208002
2428,355149.48630260956,698033.5738238124,900419.9789733088
2429,405095.396857995,791767.3487573845,976698.1367546982
2430,441495.34790853044,848407.9857077834,1042803.5164684666
2431,472454.0058916357,934931.3448875298,1160899.6133688446
2432,485269.4208018972,900596.4563882108,1206400.3864383106
2433,496197.85655757244,989380.1796540531,1234185.9059366337
2434,479533.24525690405,990749.2154152363,1215436.8984345254
2435,467751.1719453657,951324.3757773465,1175273.738851616
2436,426683.87624873733,858120.1156903977,1081053.5095305105
2437,394689.69853378437,788429.0670186984,943855.0441962099
2438,400236.78595424874,678923.256601335,831844.897546349
2439,429499.7242852975,630056.7196026981,730447.0619310169
2440,427613.4474747172,545160.7953421192,649767.7900575298
2441,421597.2618458606,457979.84455568984,563811.4615048468
2442,461586.3464528225,527073.6770151361,652530.5252337938
2443,496683.325196827,540014.9431588114,689783.6453225093
2444,510606.56742143666,574317.1449927962,742540.6297390964
2445,425571.31364891253,623261.840342355,803209.7043859473
2446,346260.6947292343,650161.4194909959,853964.1515330011
2447,304649.27171051083,635852.682136946,845973.6680646066
2448,301832.29148799955,631035.510895994,878605.165409812
2449,300133.299278565,679552.9602051985,905623.5902895179
2450,303607.7859344887,701730.343987375,941521.308696275
2451,324398.6803641551,756700.1946417718,1004676.162592228
2452,349875.7154463146,840206.8399300072,1069117.4953019705
2453,418389.4471450996,875854.4046762225,1115646.132580716
2454,465328.7218659307,931646.2493737304,1141432.1826547147
2455,477356.50404996396,961965.4523900151,1244495.1812819506
2456,484717.2043126821,946906.8464740525,1286184.978905041
2457,495339.02642586484,1000728.521085449,1295117.488970483
2458,486592.395207306,968732.5182368875,1230210.1239159803
2459,490651.4191781417,908571.8344771275,1163400.535140821
2460,446314.1566305112,782990.0223614952,957635.6896905983
2461,391554.50649013824,613757.7971180321,727851.7233721251
2462,350173.1430331562,505927.1106986268,603573.1038513794
2463,364891.2776965156,428071.3118577634,473023.2751912197
2464,367640.2564801568,354444.9731150188,372203.80538108107
2465,373331.5947951695,294718.2962370617,344751.27957893955
2466,380344.0057951658,302469.2525151856,374211.25912210555
2467,413322.08743851853,287031.2799975593,366504.882013894
2468,455828.2075173094,335593.3357769898,405497.1457901414
2469,395148.173403188,342597.45526464004,448567.6279636027
2470,328404.07060825545,353545.01619980123,468814.2925874889
2471,260364.8270787924,347018.20894895156,462413.2084028825
2472,253248.72862515817,360835.6839349337,493740.8889541423
2473,248697.7064662694,392233.7368603947,526499.7592374735
2474,255496.08848362142,420336.6783722264,551305.1519025369
2475,264707.24588040606,459406.2973503547,593660.3485413264
2476,283564.29910133424,504381.4154116035,647877.9739710853
2477,325134.44106181024,537648.5782036212,700521.8863351424
2478,386821.9750231375,605926.2782575919,756966.6559242344
2479,436460.88725864486,651846.2941520854,812269.2874186476
2480,476651.98125815357,683062.152272429,890949.0782978544
2481,467614.13014377846,721011.0548524054,947780.1463515639
2482,461069.5096201306,731443.6302204222,949375.5362909983
2483,464895.7161706839,716869.2879158378,908789.9188121984
2484,429091.51772203797,647303.2718636292,825760.9941396186
2485,409303.8491601288,580459.9260094025,736891.4279797537
2486,380470.9468138251,508411.760548585,642925.8567866305
2487,386049.35641902033,465838.97156328644,581224.1609853695
2488,398196.6161254444,408979.69731107843,494295.6775470346
2489,422492.31935080007,369191.2008799202,452758.86873116944
2490,450073.6688343873,370017.4676464565,476885.5628125671
2491,467349.8691393372,383298.58933308924,503174.9808544283
2492,469344.9845100237,425997.83157153876,534295.930916544
2493,409380.6533200976,433972.73018322524,557396.0226366691
2494,318284.7478615444,447956.08455878275,562018.2415240862
2495,278130.39544967294,448285.32317956846,571260.2683200329
2496,268743.5083240547,435089.86145493505,584614.4046609327
2497,274186.5240376028,481968.5957233705,628948.5457560418
2498,279289.8225650105,523043.66422934213,663123.9994247942
2499,286567.40316584264,559153.7969377718,706154.5634662092
2500,302280.5067075817,603993.9165856875,751420.7326927843
2501,341207.7284123237,653311.1599732698,794547.1766015623
2502,384935.5836839183,709253.968109082,846300.7366433871
2503,425878.30612587987,751423.2293697043,930358.5127897828
2504,451662.7969472726,735713.407059917,935005.1422619609
2505,463899.9686779908,758609.4777408136,965855.7454695404
2506,466839.110525181,778291.0244026058,983678.6310733159
2507,446998.8463302135,751205.5717174697,950090.9971800088
2508,416936.003704157,666572.5049761217,806550.0670870998
2509,381397.26859526057,478430.9095352633,658672.5854808437
2510,353979.56842165056,405035.73860728747,514101.04063818493
2511,376017.2197545665,344868.9690755372,412015.14395265095
2512,377664.04906892293,288817.05188726727,323935.7451785998
2513,411573.65989936306,244718.1409345253,270678.1552947628
2514,419790.52762465377,265984.82156022126,285386.3061120723
2515,432480.97784836026,282253.86767750967,311686.3294073785
2516,434325.0453701419,276995.4785700591,326778.3882547565
2517,363256.4720050608,302180.2077537358,363086.3228312284
2518,271834.0269640165,306275.33689411834,411215.464265734
2519,249413.17297079263,331711.25045329717,418906.82329524093
2520,243262.18523671594,338483.09531219245,459032.8421366251
2521,253583.88660130123,397025.5435770204,526487.7247210544
2522,257063.07121957975,445996.63643232454,572244.1467623966
2523,277636.08377135533,506870.4043785892,651011.601786608
2524,313016.5156957945,585530.9973408732,746175.5368324303
2525,365861.2922404493,684290.7588059279,836106.6358182735
2526,422765.3869262217,692165.6971557302,880439.0157186132
2527,447078.42139755806,721794.0386962311,953915.2349585524
2528,453650.1031654741,691011.0538940936,945663.2040597518
2529,466779.77703210467,727957.9820557608,950896.3790400197
2530,437595.5120852818,708888.832872334,874989.9515741472
2531,410652.16665918205,597188.0157482161,799905.089329031
2532,363279.9302773664,477270.446809958,615001.4349916832
2533,316253.86005174345,383389.99029786483,461906.418573234
2534,306653.34357178304,293687.7276565809,329552.6949704623
2535,326067.2035403261,242546.69955463757,235527.98414909063
2536,344303.5532477341,211326.63954698134,183902.76348564957
2537,370867.8576707455,194394.41348652804,170319.2171582209
2538,396659.6924208675,200681.42771161578,207568.5465721409
2539,424905.39410784014,237899.29590532306,246333.26192477648
2540,413178.6817158144,277277.3476949676,320116.4360119465
2541,325787.59402335243,303058.7901168968,370866.3076430628
2542,270027.3021020783,316609.0389185231,406893.55302368687
2543,247359.01675182738,325614.37532007287,424277.3711306707
2544,240205.7953339603,336695.497034405,459715.0967234546
2545,245368.63388318068,381112.1889315656,509667.450060785
2546,254023.01762870178,424665.56918204913,547117.7868288863
2547,274358.40411347157,473027.5377880568,619631.5869904106
2548,303637.1328410004,547189.4208885173,684409.6959683002
2549,360472.6368146514,585820.5481951146,743995.5942006496
2550,405132.9628495512,665459.5696138236,829184.1517674315
2551,404575.14087843493,679686.4971033474,907163.5104472328
2552,426375.0211270944,651523.9236391969,904021.9287342649
2553,438526.2374939888,697645.2051612978,922628.7762133438
2554,418928.68584704475,621892.439954995,800579.4928912407
2555,379488.4720761384,514268.2846564675,676735.2746551308
2556,317798.3848233072,375255.14252903016,483807.2954439774
2557,283192.85881898983,311000.9691851535,333014.1969849188
2558,278978.8155641434,211920.24884828355,232512.73749743943
2559,294124.2677109751,192273.49100627503,169263.27999865872
2560,329506.6217792998,168931.46382304817,126613.11789902547
2561,367093.75672456,176857.11678437993,134464.35390341433
2562,384062.77954374306,176511.41000585162,151149.41436237135
2563,400249.998481878,177038.6664618401,142332.18241279287
2564,397818.0890936638,205140.71338872498,180615.38780012375
2565,296366.1768695845,213805.7854286575,217563.8057404526
2566,231130.58127189858,208038.6885955317,241847.20967598076
2567,207947.16674391273,184694.1312783596,233412.2012212764
2568,194906.6444913718,183581.1404361253,248098.2323268012
2569,190471.92113034488,208261.4409178349,271880.3185021033
2570,200525.68053432775,234047.97963264002,299319.017927284
2571,209046.08211521758,269000.657443655,336709.2200787833
2572,233229.00084172183,332939.75615260657,385596.1556708242
2573,300227.7593858168,385443.24778872094,438193.7352970331
2574,354591.13195181655,411184.1986761301,468471.9492617076
2575,357310.5621057419,406587.8501137762,500911.80847973435
2576,352095.4097596336,422756.6117109596,509180.017189486
2577,350245.4120140179,409980.86026944115,525005.2409559246
2578,336681.3138703872,434775.3344661415,491556.4632498954
2579,333248.025785884,366199.1909639445,459218.15241985704
2580,294871.0566129697,307869.7815316249,349393.1261575988
2581,280446.0109348574,243746.56949956037,242022.67697845987
2582,283342.99400769215,212138.19257680155,163475.99236153316
2583,316252.0527119833,145442.5715800206,115303.95114162612
2584,354857.5391569562,142975.05426098034,108000.12467593056
2585,399554.337553012,157622.26776352816,93558.53901295729
2586,444780.88416344416,149389.1113706551,108369.85934901168
2587,434544.54250587476,144157.95052585995,96516.4163976062
2588,413837.0842106129,174966.4364931422,110610.20080030826
2589,356834.1829444939,156884.2729325128,104960.78032941638
2590,241443.3940740354,137962.72486866583,138829.10305258373
2591,189660.50562250696,121907.33264499006,146389.8637826237
2592,183147.19314840483,123133.81088597247,157707.50479253035
2593,184809.25181795593,145176.0529672214,180605.98776606243
2594,187756.04531295167,183030.10742339323,221035.53426407592
2595,204272.3157399438,231869.28296799565,272027.5857023984
2596,236260.6846310364,293537.7376809139,346432.28328602086
2597,277423.8686351751,346590.1303924453,375460.4507639284
2598,344436.08517191024,374239.9272879986,409189.3348072635
2599,351656.68560332095,388862.1870258216,452201.9911148243
2600,332939.18501074,369125.96035324514,480178.99913378136
2601,377334.44309944584,410204.5809823089,531368.4542651703
2602,364071.5470021332,431254.7626681861,518824.6552886917
2603,371114.4915111056,375887.5146314516,500340.86565324996
2604,292636.48829882505,335002.1001674787,400588.80799837626
2605,278644.32351505186,274144.1181489184,299286.8774685133
2606,298940.1006884161,207792.44920235645,212313.50979568213
2607,308667.1836388241,187373.55988220256,158127.37298060552
2608,339803.7102580124,176321.51591312842,127282.7278805168
2609,395453.872606183,171073.86730805435,122817.71170135927
2610,424881.2004813051,174892.74424750602,141132.01912880852
2611,440539.8317530868,188764.9722672496,181228.06699169625
2612,445673.390790385,251968.53145644252,243373.14853861206
2613,370857.4951244673,240843.3464675879,288540.31220356317
2614,271132.93220510706,247621.05911824488,332900.1067093915
2615,240833.70548878962,265516.55587981147,340497.43380552105
2616,218185.39172466644,263791.21218556847,366679.6620111634
2617,221186.12012433982,303242.8200241193,390926.1151660859
2618,225127.2868085898,328739.40445437963,417239.9849058897
2619,240342.5796671756,369295.3691054674,475582.17425091134
2620,279003.13954510534,445977.8418058552,548532.1585772629
2621,350683.2210811871,496579.91546000197,598919.7212338703
2622,377093.054859349,538095.9541000905,664231.7031807208
2623,410872.1927008469,560809.705961782,720426.7324671426
2624,411030.9704615418,600293.34079606,759242.4527512195
2625,430565.67032651976,617743.1836645424,791910.0197235272
2626,398643.46219740866,620146.1007174933,769152.5848447114
2627,404926.461867259,603795.8829544277,751108.8295624148
2628,384314.2115317497,562009.292590924,688105.6736216856
2629,365421.15549423744,521874.8529228366,613302.9025958271
2630,354367.7705532394,479559.0628046514,545204.2154950722
2631,353011.2683560432,458820.03795768315,482478.3845266759
2632,395781.1553976497,393051.42018178914,426884.70591929427
2633,400100.7094786262,357246.35082385066,394862.4234625959
2634,419302.62694759807,290298.65476036834,299658.33063437254
2635,454848.99705971224,334300.1304224382,382909.03592551703
2636,474307.8960304002,382549.39937316364,437307.45778947836
2637,379626.30111815425,425152.1938719168,506498.36451419233
2638,304596.5783856722,469829.14838645316,574188.1674913319
2639,282047.0824714261,443424.340435649,575364.9612068163
2640,266201.93772486976,455872.6533389778,589137.6142770645
2641,262455.63774277305,472718.88727997575,615257.7453588971
2642,267165.9465655239,495851.05918411695,625229.8457312137
2643,264337.6988151325,491854.3023955467,614835.4872765988
2644,268865.23499861005,481805.62384285755,595510.8470978073
2645,299387.30210681603,449229.80761766975,563220.7030010072
2646,333329.09049831826,500715.3758993883,566392.9920547095
2647,380854.46918278385,495534.2062824046,591049.2521057037
2648,443219.9539994754,512981.3877364705,647262.3823295882
2649,431702.88858478406,501347.43356062815,669755.2564448769
2650,414007.54319581366,515532.35972594254,669881.6044239579
2651,416663.24092170695,506331.8492199377,660163.6332101083
2652,367976.94110203115,473366.32880829903,602459.7286262674
2653,361109.11014218535,444571.4707104495,562010.8295345478
2654,355929.69775881886,372766.39351408393,498536.4309626976
2655,373356.7831548352,357021.43699638924,441117.6209880501
2656,369135.72947506054,341394.50871386065,398620.81901090604
2657,362382.20417447085,283434.887286748,342865.4992698015
2658,400741.7154139808,189234.9006731883,138189.90073640965
2659,410067.018333017,204052.8395715496,181149.59138539498
2660,418921.3089381458,218320.8513435392,231974.0405668401
2661,326164.3462234956,233819.19520291773,244275.55180850497
2662,254169.1334225871,229969.2696661122,262605.6182282044
2663,225140.32418821513,214745.2023799078,273600.5247353366
2664,215073.72293850113,209780.82208349142,292848.66114836436
2665,213945.43562766316,244518.29386456063,327318.5860514606
2666,212748.2386369708,281340.4725674308,362976.04859097797
2667,222267.59439002853,309144.4831202522,397331.84545272245
2668,236491.74765793481,348173.5585899512,427776.8224252521
2669,284544.5944921591,370447.2827934068,456748.71776527865
2670,332698.3077840461,445149.57130532863,513313.14485756255
2671,387963.71280379844,485277.1940711638,569225.4071292072
2672,427406.56339605077,479706.4178637668,598377.331144385
2673,430032.7130611097,502619.15519207134,648082.3568849246
2674,418158.7332540607,496429.94072242855,624848.1908364494
2675,392739.38117388927,451521.0350342834,572784.6516372246
2676,361409.7609362982,367612.34310912923,476622.0350238355
2677,308208.0089928294,307762.34299614985,394958.91883276874
2678,334528.95156976685,264904.4878773197,330059.99884479924
2679,355200.6704892254,279249.30848377873,325753.39622203546
2680,380920.2435484495,268701.230333714,311702.68017606216
2681,374367.9174734935,234662.33301741834,268808.17526586
2682,384524.2484781093,211471.74524211802,203773.93838268745
2683,415330.88552915375,214584.79859012237,239653.89780704732
2684,444193.41053110495,260465.94594739017,298447.9481042621
2685,346917.8819974267,281372.7946096848,330502.0642535827
2686,266759.06481077586,291439.47622317873,367173.52785658144
2687,245719.2752889473,304694.66616301035,404276.66491201305
2688,236074.5188222484,325608.28252790705,430095.6073640503
2689,232162.53589528188,357266.9668900007,463433.4960254633
2690,242871.13438018542,377125.5694201117,489241.6842770657
2691,257328.90155623588,436150.5383404808,553700.6898037865
2692,294703.67880030366,506025.28368704073,629690.7221146587
2693,348626.35089021653,557918.434787613,669334.1144097587
2694,392096.9699065513,582064.6650123752,698998.3989520236
2695,411784.3863627212,575423.3035166144,752173.1926685474
2696,416832.8021621823,611583.9228540668,799378.3236225321
2697,441438.39597253234,616915.1332079506,808958.7636961737
2698,400890.1621002583,608025.9921982603,745818.2725648021
2699,385071.9628423433,548420.1632919118,715138.8730309563
2700,368760.0888779362,495091.96902931656,602775.3161329458
2701,328793.36914432107,400112.9357425843,490733.7181532498
2702,322543.0413787894,349432.509675873,399966.9193104532
2703,339264.3698014575,329989.4859256474,351769.18625504716
2704,349394.40127225633,289621.8020403868,289124.564685973
2705,370116.19955891976,261591.18531885603,282044.831344636
2706,386289.69045387127,249626.56727654635,296790.7065879287
2707,422381.5749237711,285215.78131911426,320553.99234741967
2708,432073.80187304417,309797.418468531,371368.22890503186
2709,343644.13203798415,307410.52033093263,380397.3816144971
2710,267456.1494832291,296082.40691231214,390818.38580395957
2711,232433.40766841115,293494.48821190535,385517.3302701772
2712,231669.68553836728,299933.92425524245,395638.03360960126
2713,230398.69907721935,333627.01425788563,420327.0385481764
2714,234458.1704879448,352118.7076447083,454116.96435054165
2715,254302.31070865755,394252.944455205,499250.2680676713
2716,278932.96694977704,462524.22728015535,578484.7650377982
2717,322259.75278398255,527703.8551004878,615954.6944912672
2718,383286.74270060577,563588.794551144,646438.8084214493
2719,399828.3532676269,592572.8044529995,720001.2229355542
2720,415723.5127531658,582046.7461842535,737525.4987047736
2721,414748.7430712693,573014.9646112507,734715.4131435627
2722,399882.8335047559,530097.8096927033,639795.2287226692
2723,362433.30194447626,429163.38595549105,535281.5786634431
2724,308275.965708608,336601.07779744273,397522.9227996332
2725,298621.4945853485,235901.19383446392,275888.35174347326
2726,294494.0242850312,209704.94097907233,179443.51688713793
2727,303366.8462592762,166381.1236573319,136040.4262810398
2728,344310.0755946454,149363.91056632655,114210.41384581846
2729,394378.2226125758,155646.41746670383,105308.58158968762
2730,414031.0926328603,141113.9648078037,102088.72777042803
2731,419687.24076919636,144022.17784136895,101354.30059453192
2732,406136.30157920293,181966.59661784943,142332.182412793
2733,336636.2887815906,181864.97236369218,173402.42833035492
2734,252459.6758078369,172355.80742558456,197848.7835793282
2735,208264.18333939425,181875.07614361888,199813.39069815743
2736,195949.53430273163,161794.35810407402,217889.65619819934
2737,184857.97968612355,190743.44695942788,242101.01059563813
2738,187267.6269372859,206247.15269206796,259406.47330264637
2739,205076.90496864796,249210.73724927095,298288.14752521884
2740,228632.64462619103,282823.56671153306,348969.7910419881
2741,274332.7956846844,348537.54600513005,390166.4007480247
2742,325459.30204886734,375103.6173128725,417846.11688339524
2743,353802.2489742101,372445.5691786589,467080.4690142954
2744,358944.9721115529,370934.9237677858,484528.6589562568
2745,355294.6633573758,398085.0892215846,500727.91407460877
2746,340551.6949919497,377636.540197239,436213.6934310851
2747,304401.88718730834,301481.61221629026,368948.7876223624
2748,300827.0644075637,228626.8074041442,250552.84298596205
2749,280966.64505149407,168697.8034398289,155207.0957322023
2750,272570.2239455471,128768.65376393488,98136.35560085134
2751,319709.24410139973,118484.41329003865,77406.14715081206
2752,367455.73231873364,117396.35515847,65026.30229196901
2753,404958.1932911283,155153.0413473858,70882.52351221138
2754,434058.70673679444,150586.45118163267,73401.73264066233
2755,442796.62567263225,149652.21178925014,84192.97174313145
2756,412720.7127782974,147276.18143273244,76237.40958251328
2757,336741.1296828172,146257.92818868556,96397.3492994953
2758,249123.58351303835,123359.99815833365,77565.94772985557
2759,204447.76927875855,74134.13101646115,62889.36121534766
2760,190079.32445644817,65481.57559942335,65502.57068441251
2761,179902.8471400022,85688.41495158857,59965.95062225718
2762,179646.62181093168,85297.8862637657,74003.33482059096
2763,191889.00860367526,109269.38061202657,90619.46169643113
2764,202736.51162213093,153691.81359267788,106862.72055450312
2765,268572.0452505575,178123.39017847436,145316.47093960477
2766,297373.4853403825,180423.73434273683,141217.40856277404
2767,294489.6796431712,178859.20674847727,161658.6524429989
2768,276953.71560538857,198618.29617160824,187931.20065767347
2769,295685.4134070218,204030.21916872804,196661.24594290665
2770,299460.24935144064,176121.0153648601,161750.58354517864
2771,288769.1824138963,130152.50298513928,119693.76704829259
2772,275967.71061540995,96411.89338071682,65233.103041319446
2773,298237.136429569,103848.56025646346,53081.99234463679
2774,347220.9086018527,104014.51023390357,42381.62023809439
2775,441829.20246231114,107835.11302631116,41827.01822847272
2776,504743.1901549283,118273.92625282102,68751.84912496428
2777,568783.499157603,119233.08160001504,58427.47838087728
2778,578359.6311113535,126433.55795859708,63835.63131086032
2779,569341.9241203261,123433.10394908195,64747.43461481461
2780,504194.17885618005,128597.40893664908,69209.31744928496
2781,379517.7164697799,121729.97193101543,59264.08141234048
2782,277375.95492403995,87717.66615492565,51402.519592336124
2783,233991.87353353333,63818.657630817244,33135.12006637943
2784,210796.54277051706,51954.708758990186,29115.03883279411
2785,195806.94169147837,45567.89666782485,30004.90872393848
2786,188720.39069395253,60143.26106866997,37280.53508744989
2787,187979.77877916512,77250.88740818675,59248.414688904835
2788,203198.13368150743,140091.40530929388,108282.1256977721
2789,263607.636872278,193793.3139822176,144069.20252674897
2790,287992.90452759824,212852.0422222866,176400.4996839352
2791,303335.0470050122,244737.86257461488,215904.426038096
2792,301225.0210833627,240575.85925814195,237234.15220257163
2793,322789.8405816777,291089.1289259296,258813.03129544586
2794,304796.4022963022,249232.3187891482,243011.19345153583
2795,279408.85640025453,241988.059384216,204632.4748269605
2796,276956.6145019097,168347.48880146627,150500.8120121358
2797,273681.4232459284,118882.0297040791,95006.14425841044
2798,278302.0950462777,112100.2988913579,66122.97293246385
2799,340970.7619295143,121245.27534403918,55917.66928648768
2800,389430.7367174632,127857.18557705951,59824.950111336395
2801,435918.5113190407,127130.70201770219,68078.18001723176
2802,447135.70563108206,133276.58168503756,71070.52419343907
2803,447440.373713742,137211.69398328368,65587.17099096494
2804,463799.3935688345,153290.32657637677,74181.93546775724
2805,362375.5445606495,148155.14326296074,82049.76397713585
2806,256123.68012995023,125834.41888919802,85342.90924330745
2807,210129.05772568157,104237.01121839757,79928.48962395015
2808,193116.54525014773,94698.65758272333,87802.58482270301
2809,183803.3126441856,93368.20926803169,98177.0890817841
2810,185315.16951852472,118017.99733971304,112418.14068478114
2811,179700.4093475878,120049.71165357955,119042.0313533699
2812,189846.18054606515,141090.00393666697,131418.23356466574
2813,204915.30662802252,165361.12646511628,151161.94774111992
2814,254758.6713389886,209590.61578762683,167050.4984695748
2815,297810.5702927608,235829.7971408174,183958.6665812895
2816,323349.7863056771,218309.99355018494,205491.01127123373
2817,337864.55053737975,216518.23982061975,210250.56185098112
2818,317508.42623465986,198512.3824188416,185114.87077083977
2819,337490.31437507406,190528.0672128593,155548.63030309914
2820,335700.48195989564,131935.4598913849,87896.58516331683
2821,342570.69677517796,106242.78747036208,59082.34742048702
2822,395752.96092801966,106118.32498728186,48767.37671046141
2823,446883.48762192676,134261.18917436927,57543.875179107155
2824,517088.3534512052,115377.40880530723,55416.334136547186
2825,571327.4559510302,130145.61632916922,66605.50801428156
2826,603031.9887720381,128339.35203009048,56080.60321021833
2827,580807.492798087,136098.23397713908,48338.108488324855
2828,546386.5271096481,124904.33494859312,51916.38812102513
2829,415225.65656842093,124850.39785475428,60379.552120958055
2830,303559.9903129717,104300.029985073,45925.43307923626
2831,242660.294971858,67687.11514208266,26558.2295680976
2832,222494.8165180598,56208.23254969354,27698.767034212207
2833,196112.25956097562,55340.41336233665,31107.846053807563
2834,189346.17324049867,54174.42375408436,35648.06250545615
2835,184761.60309564465,68297.32983093738,47839.9066830715
2836,181286.9153641358,98729.78092405641,82081.09742400717
2837,197259.59782364633,142462.92834110116,117000.60777160875
2838,259350.31681030508,195950.5463979626,166062.36494346632
2839,285632.0478124174,233375.3661437058,207430.43831707022
2840,312603.4007308505,262026.82076549032,238361.0210223068
2841,306640.83095335297,280460.55567073234,305697.38256396615
2842,331313.0145288364,316472.1378165906,331498.6271931092
2843,331461.6843329527,301175.348717941,334087.55810002954
2844,324467.24034619983,230132.15332228114,284846.1427307443
2845,317997.87398123264,203509.84940502667,195758.84267301383
2846,308838.9339229717,156324.35931719153,124020.91606121649
2847,341047.15354281274,143302.01123894777,81056.49371131625
2848,376531.58474929346,138924.2595471195,83478.56915446627
2849,406561.52265811455,153270.7724948268,75582.54054290352
2850,529819.787465919,142404.41689913627,59351.81506358004
2851,500693.52652468346,133255.65362346417,53429.793604908
2852,451216.39289823425,129743.3585435869,64650.30092951363
2853,365103.29434179177,148143.21309495412,78659.48502566326
2854,246112.6451184377,140367.18990932294,98841.35815545525
2855,210882.02091335919,120933.53268145095,116222.02113495464
2856,202794.873805464,127664.64405941355,133452.28356947197
2857,197280.26845281804,158536.40013118036,174423.89869835862
2858,198501.97254689803,200443.846458574,220615.66607600084
2859,205420.7986342718,228178.62591855373,257222.53205571813
2860,236188.79690478256,286357.91249519767,322711.8364389508
2861,293995.13138473174,353201.77253180207,366015.1376002357
2862,346841.06502112333,387424.43129827845,400550.8266208871
2863,347082.13572761,374639.97243259766,451931.79023446166
2864,362346.97717075533,370883.3706480975,479739.3303828487
2865,354542.51139322954,414357.908215404,501034.86777957936
2866,327062.22696939664,392473.6738368269,455848.5658730673
2867,304021.1064068589,331422.6141132945,392826.4003353311
2868,274140.09046078357,262899.66670902993,283755.69486631884
2869,267662.4474938392,210989.61230079475,192982.69928021834
2870,264892.36990403425,180825.10406806003,141138.37808699717
2871,288973.5588204388,162196.34779599315,119712.56711641539
2872,341255.0458022645,163225.6431477878,111653.60458112191
2873,372574.1626721465,173295.54273805983,103322.04105804837
2874,420349.1396621747,149464.29488729226,86718.44756095669
2875,412861.7369492681,146045.41369314087,95639.07988521035
2876,413381.8135056031,163751.37482106767,139803.57325028063
2877,310544.6431671622,182842.2035499134,150093.4772028092
2878,233410.2944470625,182689.2263308002,158432.52780590326
2879,199647.81472463606,155756.60396222558,171381.42100715742
2880,194502.7353816199,144169.93096142836,181806.0587812325
2881,187704.8318779051,160680.0435493785,193957.16947791516
2882,182189.62107241407,181842.36871672448,206772.54924826897
2883,184215.11339930334,197463.36542695752,227480.8242854985
2884,209677.15090060094,256039.63579083854,264202.0463748794
2885,262407.5924221467,278147.4770402699,307596.26491979114
2886,315810.5263705305,312992.39795458474,327673.3552624657
2887,319756.6650039862,323122.23323440674,361794.50408620515
2888,318158.2670604762,325804.05792536354,384947.47786174406
2889,344970.4982331205,332493.9163909215,407456.93893708766
2890,323547.76291775424,326096.4978442107,374470.4227688072
2891,311733.69892934454,321628.0467149953,360536.1347514567
2892,315812.45725326554,273141.76621026243,293569.3304264039
2893,276908.2360577735,265934.73831278895,252585.18191876865
2894,271861.3966993884,213710.24354948086,199666.14648754886
2895,299065.5508904706,208398.73838503435,172014.35663395724
2896,330733.5429041766,191649.0170857158,165844.80094500195
2897,338899.0088882995,179544.10227835082,151948.41725758903
2898,399866.79082958173,145885.54609068172,86962.8484465527
2899,404337.68056711054,144997.50258761688,93953.34044353548
2900,405571.6696458415,148994.39371934664,113972.27964959669
2901,318821.948684066,159925.15881758975,121435.90669433579
2902,233184.1741119159,146208.23032589396,119277.03220490455
2903,194037.1936567678,131976.69604793587,126471.1916065506
2904,183532.99491266932,113475.5523594902,128172.59777166117
2905,180148.95687597824,123378.32906254608,137553.83176492256
2906,177999.51542064257,140759.00879789944,147461.46766562166
2907,181505.96901768557,152000.12582285356,163454.0589487232
2908,208993.04001962484,192712.89652004652,193021.48647486424
2909,259456.49814860907,236587.59739119207,223588.00330775743
2910,305333.3065762841,232868.25022415543,227829.35993730032
2911,293681.8440251708,228206.21871434938,261317.7007746468
2912,297758.87758622394,280871.7443092614,320803.5506985551
2913,310492.5808957751,294437.7365988862,349654.2366436922
2914,319968.1408248056,291794.9357615225,333340.3246977195
2915,303541.48188039794,279705.5368749078,342478.9680233757
2916,281737.4057358622,271668.89313706476,294553.71640630584
2917,284615.8194483586,223127.20102334642,240540.60494144828
2918,300707.09590764606,197718.65761761556,190776.8246204802
2919,306599.1700006829,176831.46357199506,142084.64818250987
2920,343254.9691012708,151703.3461378353,108200.65873590678
2921,357501.95985872566,159772.7475701344,84330.83890936509
2922,424582.2981676484,129246.8155678738,63349.96288435549
2923,447139.2843450564,132203.10114639826,63174.49558187632
2924,422203.3075552365,164688.9653842384,73454.99950034355
2925,331445.7113566342,161987.62012343947,82062.29735588435
2926,233917.67295401773,136543.40350466652,92822.20301148217
2927,211752.90563276722,117983.79864181772,94771.14340687587
2928,184779.61518338797,98648.3809856068,118177.22821972253
2929,176857.84389996805,129136.4447579588,137086.9634065405
2930,180797.19674236714,152356.7741740061,170040.34948106646
2931,184767.4080210721,186863.8132935833,216241.51689276999
2932,214467.53691302927,232444.71250406708,254387.4358284723
2933,277431.1802257316,271153.7846751843,298372.1412510996
2934,325167.4887129434,318526.58841791865,324638.9804162367
2935,340927.5755333302,323695.11588067916,360258.8819274711
2936,326683.2096180847,331682.98332769715,406873.3432737305
2937,356654.47003293043,358420.89463070035,424755.42927376763
2938,359240.57859501557,369148.496501859,403773.50263322965
2939,322876.4682218254,334537.7571478001,373384.4398975301
2940,297250.527954994,283033.40027044696,311694.58949328354
2941,292931.874728389,283320.9307240893,271695.45116556284
2942,291046.60294961743,257537.9442503196,249652.37129161682
2943,321593.45101491467,266083.144911152,256332.6621645738
2944,359222.38522544695,253899.59488123798,232256.04158868158
2945,359520.54730723175,242745.77585532086,227913.12604762433
2946,348832.2841887857,177550.1389034154,191362.7600769731
2947,379006.8183312201,201331.75591480715,206055.0133149166
2948,391271.1950077366,223062.05426322046,247954.09847119343
2949,312631.16003750934,214808.62328707782,266888.90041550837
2950,251896.73101236692,219560.48466158425,275637.1987819699
2951,215807.26576434617,209447.82240033455,265886.2301156273
2952,201467.96295776742,204220.95105414832,279647.8799814939
2953,189362.7280888421,213310.78399150702,279425.4125087079
2954,199066.04784140442,239561.56039562525,297106.87657817145
2955,218187.99810551613,268121.6956134268,325729.98029508657
2956,236289.86459559627,316932.1516243731,368793.67986204743
2957,281739.7764428601,350171.3590554389,413726.12909160135
2958,342984.41563346435,372732.6304683911,441432.05894006864
2959,340495.4178912538,383952.98699031136,472416.78684794623
2960,335273.349185712,374718.5510334345,489055.11466829537
2961,335242.8512872766,402539.3844636131,501951.8219063248
2962,333408.79020531377,392297.0186877072,468297.5061501808
2963,334530.6338072325,365741.6860633519,465739.8103237073
2964,319580.024890156,306073.41994222585,396005.7697673104
2965,293470.8365010667,324809.69852903753,346735.9230775931
2966,294816.2139657262,305917.50672129676,305156.4390794034
2967,333291.7344147648,260287.78095242646,268627.9067168643
2968,339032.359825311,243175.0105657496,234747.05061494853
2969,373889.22457254154,211675.31211165787,208351.7549705816
2970,397470.3764411576,140939.5866358308,74351.13608086215
2971,401235.9981573826,127898.20390750922,91951.1331884606
2972,406771.8568283459,154972.0781248135,101937.10270633776
2973,313608.9873023678,141798.4414413289,118199.16163253252
2974,230463.6126395301,133207.83241631414,127179.32750584152
2975,195317.16151513826,146821.44431260432,147160.66657565735
2976,185766.22128865024,138227.73545461026,166020.26824748123
2977,185127.6699384982,154209.13382727889,194380.1710106775
2978,190347.409849793,184982.81788592387,224989.81525923163
2979,192517.12477640176,209572.36866268428,241609.07547975893
2980,208041.53630742678,244059.9374799811,283805.80779230065
2981,227480.7882246059,280333.57979235664,320718.03084678884
2982,279023.2405253997,312249.06334631005,363835.236138033
2983,326503.3573132596,387357.49166178063,403593.96508858644
2984,359666.7658520084,366522.03969313216,443575.6490482559
2985,352104.3870826401,387617.0044592767,497837.110357778
2986,357809.21720010607,431655.0362320753,523877.79222885147
2987,352112.9490959725,424376.28355480474,548543.5211358116
2988,375971.40286154737,415416.7106259901,522045.4998348588
2989,333284.4879080943,383725.1278842526,500884.636615769
2990,346862.59969857486,382671.85096191784,471993.33978647913
2991,358209.8275239707,352553.2036932748,428275.52671394165
2992,365924.59619462816,312790.6407172708,374272.005954095
2993,361070.50462489674,294565.73403691046,337382.8891865159
2994,381741.96043670684,197748.06414128383,184037.00019846772
2995,430478.53083859343,204730.64737520588,206662.88218421952
2996,411074.08977295464,201564.99740167777,218857.85970652208
2997,352911.68579078413,218982.74108595075,249899.90552189996
2998,260426.3540574457,225283.43640084894,273907.59251467534
2999,211090.07765955754,207515.98973181547,283852.8285516198
3000,200581.64660738644,212773.54104656912,295922.47228643706
3001,196038.63492120997,239201.17548904367,317633.4176235476
3002,203611.2249525493,258252.3971065466,346970.9239291277
3003,213994.39229076906,299341.0518752175,384627.4603790328
3004,234691.42203006902,324332.15669169475,422488.62236365664
3005,267077.2728441311,344329.5088711993,442566.9657445099
3006,308108.9340711242,408393.7625399221,485044.75824811053
3007,368104.7447248804,457383.6616155403,543733.6628763532
3008,413876.2257060687,453079.87713752745,565477.7770639642
3009,411874.7494343997,449557.0504667994,598297.0851856618
3010,387530.7702577139,470284.6796799142,612279.1210576863
3011,394893.8191003213,456916.3308427098,595470.9405892936
3012,342624.60479355947,390911.8439350518,518607.74920853705
3013,321454.71150465234,330174.23597121006,444676.78813497507
3014,319335.3560520257,274793.0723720868,353149.3342370506
3015,331920.90856773884,207478.55715410944,247659.56407060337
3016,368661.7334387563,172558.0170709548,171234.15380686236
3017,358014.81477748096,183441.46363766602,116253.35458182596
3018,532202.5984904105,135916.66754382514,58377.34486588322
3019,539097.7956631798,128335.34738099837,59599.34929386315
3020,483548.3256520003,138468.9359721033,69676.18580766706
3021,380627.1140088016,144635.1740019782,74724.0040986304
3022,269067.0172018428,104009.4499660132,72837.7305969793
3023,211765.31982209094,94529.94288938273,70703.92286504508
3024,185093.4397255156,106304.7841299469,91960.53322252198
3025,178544.7623567389,117351.81809869256,121971.70863583476
3026,182639.03045589474,153228.8158365563,156736.1679395207
3027,189381.2227113033,167483.64075149375,194351.97090849344
3028,218237.3929133704,217765.7634141534,242187.8950196291
3029,269927.41709886945,257795.58226052974,279009.3956825336
3030,309049.8603301133,276974.33268238435,276960.66984485276
3031,307501.73399905046,284469.3601974105,299088.8615420314
3032,316079.3847773945,287101.6043165533,335971.58432734234
3033,311357.29482181603,316508.12798451993,352980.2938534582
3034,313478.3179179273,293491.9854046083,343032.4146282231
3035,296847.5201090551,279860.9641760725,324586.38974360836
3036,292665.05108022876,239978.12768047387,270905.84830440657
3037,285141.56524234696,230467.57200648915,234708.96444459914
3038,270953.24417835753,209861.8763070918,191528.82734539092
3039,313723.8837280756,206783.15570381412,152117.61787069388
3040,332624.13172364363,171657.054804501,105358.71510468164
3041,360689.3798606586,188831.16837245898,97866.88795775842
3042,458650.49825098715,136774.98616199693,65511.97071847384
3043,447799.61956333293,138598.1236059951,67388.84418606356
3044,432415.35016093357,131512.47511447658,82187.63114336948
3045,353938.4901464719,126307.72149549374,87113.24899153484
3046,256813.60351197497,128128.58014335591,77387.34708268927
3047,212041.10551711186,107625.12866471168,76469.27708936075
3048,183741.43846104987,93872.62749509749,92725.06932618115
3049,177903.32660599618,101306.73072519101,107329.58891288518
3050,179805.19882391472,117096.77724584342,126242.45744439025
3051,192856.0399954345,157296.86907997716,162454.52199352946
3052,218803.50013876418,201598.15723662893,210061.1382383593
3053,274252.40536149545,243179.13250581926,239187.8126767101
3054,292735.2383758148,289163.7305053242,276039.0206922132
3055,307703.3515938167,274438.501746823,302234.63521768915
3056,320140.96258131106,275168.50403550814,334638.2716021238
3057,327982.0041566506,299193.24848759634,348617.4715305392
3058,308392.7988350145,287316.2468055485,314230.6052933265
3059,284648.63025222864,253040.08659743637,273566.0579437781
3060,273518.60482280585,193694.47119981455,191281.29311510784
3061,268617.0471365668,141376.74686517403,113743.54548743636
3062,278011.6887051422,131013.50253994182,79048.01976686719
3063,309734.31547425035,127565.86830042629,62121.69176700127
3064,374672.2804625393,131459.4595926045,56221.603721139116
3065,389187.04676537815,136679.89669087695,60288.68512503134
3066,614092.6787516094,138322.6908788988,48983.577493873265
3067,609464.2951605974,127943.19337534308,55171.933250951195
3068,572623.3501066741,110917.11777696134,65602.83771440056
3069,442686.78552904044,114520.56470228224,60069.35099693238
3070,308485.1936658374,94556.08202153203,49885.980763766114
3071,251301.04440688554,77871.89286698005,44662.69517032364
3072,208932.39020914474,69495.20582924108,38493.139481368446
3073,198372.92198909837,65365.80940453903,49782.58038909093
3074,196934.39637263332,78798.80995118985,58477.6118958714
3075,190958.97293142029,96812.02317284857,74608.07034520672
3076,207996.94162615863,136291.31168211118,104475.1119029115
3077,254545.8873979883,164476.11577161492,133543.15056539862
3078,299569.49681085837,202061.43984226725,162499.0887454096
3079,304264.10556014226,210500.14029544502,191942.42884409177
3080,295997.2921064351,228453.71943292473,212661.35602139434
3081,309981.0514908233,238473.9044045511,234647.75865347427
3082,307939.40056489385,245282.796456512,259190.2725192346
3083,291636.1897618663,233335.78881669516,256595.8631182925
3084,273331.1024127725,203488.5024107877,209160.15789986058
3085,266183.3758507211,158835.97804380683,150792.21306803878
3086,269617.6620887738,128263.90041979034,108225.72549340382
3087,302670.1373528987,126591.54890541494,73608.53339001283
3088,370704.6342324615,131145.186796071,58527.74541086538
3089,410511.5861319704,124801.21942343494,70954.59044001531
3090,613210.6410539473,126111.76178364368,58474.47855118419
3091,594947.6311002197,132491.05049638916,51521.58669044699
3092,558579.7381435765,129122.23579381597,67207.11019421015
3093,434824.7612056066,106512.90859175878,61971.291222019114
3094,304954.99682712246,81050.2102660881,43227.62330361897
3095,244328.4070667108,66116.17005576348,35613.59571389774
3096,220469.6613315984,54714.90057883301,32536.651231137963
3097,199653.13348539046,51573.81468718376,31245.713220041205
3098,186210.26672785147,54313.06168959933,37662.8031392795
3099,181510.15924262188,83771.64579576337,56221.60372113914
3100,201788.9025596775,117460.56359077523,86166.97889602213
3101,252428.86522260986,167793.02083867614,125561.39469494324
3102,282031.7720191407,186414.89045477292,150610.41076689988
3103,282164.9193624042,193423.59606499053,192537.76433464608
3104,288956.5432753587,217281.5862586492,206590.81525641552
3105,297341.60954885883,246219.04655136747,249664.90467036527
3106,292976.4725179307,251758.83346991788,253114.71717089327
3107,281163.2593963292,230862.95989195514,215762.11515563945
3108,277372.45094201487,176126.94693715556,171381.42100715736
3109,265298.8512851041,152253.64189299385,111556.47089582091
3110,308702.7892827904,126742.93804577974,77832.28202826147
3111,321138.5537485126,131985.7777207723,61780.157196104316
3112,335343.5472725732,140677.42454505645,78697.08516190882
3113,378543.69389347953,145083.7784795635,74094.20181651764
3114,422806.16249069036,133622.18792844232,64340.09980548795
3115,409711.14549600385,133896.06236112205,69857.9197995205
3116,400354.60126996774,124934.57926495823,77697.54820671496
3117,308451.13315238775,116123.93236597897,84108.37143657904
3118,244252.7844738071,122819.77267139406,86965.98179123981
3119,210497.79118471782,124806.6650759661,99934.89545126294
3120,180989.44648022068,107997.89614735628,121285.50614935363
3121,184110.0402509173,123534.56064469992,138675.56916291447
3122,182943.69563728137,150522.4605754288,169714.48163360514
3123,211467.89533991428,180644.35867158923,203996.40585547354
3124,226121.25445101463,232856.94002274467,246356.6455779237
3125,267774.16958149057,269750.7332453624,278833.0444338909
3126,320101.601014105,301692.4511264408,307445.6865448642
3127,335754.8735250804,334635.6835422426,354733.47995305184
3128,344612.42646281753,313236.6145257874,392777.2717160808
3129,356618.6646890065,350728.5079548599,416815.7934335097
3130,323037.7166534511,336766.2628911436,376643.5823458589
3131,296100.03148422745,285865.6590180939,331586.20151532884
3132,272592.32239913486,224611.6691474716,247737.89768778157
3133,267019.2376129275,174382.15986618953,163811.26024305588
3134,269268.75552185817,157917.47239827583,103500.64170521472
3135,312557.92725625535,144211.16711797935,70130.52078730067
3136,347464.6537765264,127587.5001078653,56782.47242013505
3137,372007.23427495226,128785.42637373078,64703.567789194836
3138,410762.46449568955,130592.99762941684,54538.99762415134
3139,415095.03589050856,143380.14378587872,69908.05331451452
3140,393234.5838655567,137446.37647359338,81159.89408599149
3141,293310.5406139561,126819.29447219272,85101.6417023986
3142,220934.55617922946,112705.43655646827,93176.27096112765
3143,200951.19040013955,126739.67065426102,105853.78356524788
3144,188186.40741871213,110937.27506925339,116798.55655738621
3145,174327.48735559822,132194.65619601155,137845.23282082545
3146,178676.6471668154,143119.0708256106,162736.5230153709
3147,184616.94987532604,172858.58357896394,195843.44297956623
3148,208370.81623004592,207125.7961610713,236997.18298337178
3149,230638.42991166102,250799.0246444201,281157.6711135848
3150,282187.7160742953,306156.8976065643,330048.6533473768
3151,354143.07080005016,339343.0928295503,377173.7818382136
3152,358670.7025597329,356979.63114080403,436177.7882932254
3153,348155.18863305287,364164.4704865564,461441.7388865812
3154,333405.7663969849,350958.2776754021,424330.4088005905
3155,343985.55173386325,304999.4869955302,360036.97127445176
3156,310470.15209143434,232731.54824135805,254553.17033642455
3157,296105.42741361796,160693.04609203734,169681.23187027185
3158,309919.6703867716,130129.32963913762,100116.62944311633
3159,336364.93843539065,116292.58003590378,68357.04769438616
3160,398364.66163016943,118639.45520656274,65198.63624976105
3161,403143.74879443704,136894.28784206312,52812.52470154376
3162,416586.7746462491,121449.66325042203,64612.700793268086
3163,412343.84179883,112332.76960894742,62272.092311983426
3164,405643.5111257202,138760.15271361286,79145.15345216813
3165,315468.7400248986,125887.26685253064,80273.15753953421
3166,229516.07301737246,117015.64540105691,89698.25835841554
3167,194324.3395871253,111747.35358392657,104898.11343567377
3168,181537.7908940905,106210.04653175968,120931.43819970815
3169,178599.52859320046,132676.6550905032,161580.31882582072
3170,183977.142120494,151631.16191905388,180991.38916257917
3171,198255.92812996768,192715.47692155346,211397.36600647005
3172,216172.00845064412,223112.50613943939,268889.12837684934
3173,241784.13836375313,261973.28581214632,317613.3516796438
3174,283003.6806675127,312663.01715388976,367215.656938175
3175,335520.4614024968,357419.32150409254,406414.3188688144
3176,362822.66028084076,380950.47201076115,454246.4359340759
3177,363187.4958860015,392674.36118715606,481370.05600050674
3178,347786.85798924026,378856.28989315964,471057.75140016933
3179,333844.8949326363,327153.29599155375,424724.48943242175
3180,315573.58713897003,260915.17039157177,313697.9366965147
3181,301434.32056967425,181811.88981840425,203764.5383486261
3182,305251.76479283907,135193.26706159307,121677.17423524469
3183,331733.09418437444,129005.84963233593,91631.53203037348
3184,372980.5402000067,121862.35993301006,82710.89970611988
3185,372736.6497307657,151183.1941639181,70606.7891797441
3186,411002.05206392304,154747.0637622284,68075.04667254462
3187,416128.3807517628,145333.4407032973,78245.88352696235
3188,391731.68064365914,132839.0360710537,87461.05025180607
3189,298989.3967660326,154374.5978849548,94533.00921065407
3190,237604.03869101318,148505.793018402,120154.36871730037
3191,218167.5630877256,125685.20102591183,137105.76347466325
3192,193737.35900756615,119507.65977856025,152631.48639938296
3193,184122.78752474277,134487.49373770805,160148.38030380322
3194,178710.41579398312,157085.47722664662,181113.5896053771
3195,194269.8172748321,184094.22143967912,199120.92152230215
3196,219133.55501091547,223870.03829615106,241829.9545468585
3197,255003.827359298,273941.48960719956,264500.1352505815
3198,293946.7520037764,291475.3848709974,292883.05690622696
3199,322114.6080345514,302940.6281982777,318356.7331633637
3200,329112.8731692252,282870.62674484216,326130.77493995253
3201,314676.2470702895,300668.6014271773,346876.923588514
3202,314016.0550051363,280488.32010351,321622.1654102616
3203,315975.96220154176,287273.720448244,305639.57509168546
3204,315846.7091366133,259876.35771473811,270905.84830440645
3205,269978.6737960253,209569.62070263783,231541.63900001644
3206,279110.3927797359,207385.1265125294,201865.11467036087
3207,307707.72678375064,198758.17404031477,173245.76109599846
3208,328327.50768206065,190150.32324159396,137707.3656545919
3209,355123.85919775406,185076.46635360498,140774.91010329028
3210,393066.99275596,145081.08078707894,109519.7968491877
3211,389737.4090166041,148985.37906992604,100329.69688184104
3212,396498.38327899826,152738.07038630708,126489.99167467338
3213,298420.7718520022,174218.30437049214,144669.65754939042
3214,255135.90355115975,143497.0158671232,155526.69689028928
3215,196841.32837374366,139260.91816451942,139997.84062088246
3216,186606.32396099932,119044.39392877575,138158.5672895383
3217,177191.99245631354,123057.50472712125,144074.32205883611
3218,183046.3814530374,132833.6741977923,144497.3235915984
3219,186903.25394654088,153190.42817517553,160399.04787877336
3220,205502.09076286518,182661.9478005827,192069.6582173948
3221,251089.85507281419,225036.44680075187,204643.22400166103
3222,285487.2281465619,230911.40106570124,215076.4211699661
3223,302946.91180532146,227638.3628242597,244895.95405655634
3224,304889.3663457196,228597.13278681313,269082.24169649795
3225,303603.72839207307,254867.19517881848,284178.6963990811
3226,298704.57771957247,251082.70026081873,247145.07764065693
3227,279778.5571625707,215066.5126350969,223999.6783380991
3228,272692.87186902127,178546.82736343925,155554.89699247348
3229,270754.7232791864,147999.46462398683,93232.67116549595
3230,281216.8621878145,113998.92145736428,66865.57562331318
3231,305775.3983331388,105785.05105237827,52107.52214693995
3232,385294.35142584005,130661.73014228644,52417.72327096562
3233,420118.35582812375,119165.47172935957,59119.947556732586
3234,491386.09672698734,124319.05297040395,63346.82953966834
3235,493709.20321621146,136673.19434930012,55522.86785590953
3236,462751.325145734,121736.54022576059,62012.02470295178
3237,356893.2203540725,110429.68998579253,60808.820343094616
3238,267461.7802815027,77072.30351687442,53420.39357084661
3239,214155.60483176197,77033.78180866208,42256.286450609274
3240,185928.89896445576,60254.603718113605,39166.80858910099
3241,177658.32397891235,68522.243658399,51217.652255795576
3242,174366.30696774155,76992.5288962572,65596.57102502634
3243,181041.46315753143,96478.48114428186,84731.9070293175
3244,202472.30198789283,144995.4416175821,123563.4477368958
3245,257400.7058778375,180615.72291720257,146161.12962046344
3246,310559.814828674,202171.20744144052,179997.70113947982
3247,309517.06431755284,208255.66014822494,214361.51008049317
3248,297459.1922501912,226409.8738808043,229229.23062091583
3249,319451.142299043,247072.5059718962,239458.95818011934
3250,321930.9422600647,237126.54943323217,241292.60766635902
3251,301536.8121045563,224688.44447023325,220587.4659738166
3252,282129.65701947326,181018.23204059395,178093.04532698574
3253,263812.2209725721,164443.39158886645,128423.26534663138
3254,264397.34019939456,147341.2109018808,109714.06421978965
3255,309246.1753403491,160920.23871563494,99145.29259010668
3256,334198.0407823637,141699.3808328246,107868.52419907127
3257,335852.1674246888,155217.45084993826,89012.05587193443
3258,400432.7400233392,140124.514876683,67391.9775307507
3259,415481.5154075853,130565.78612261536,67470.31114792891
3260,422857.41150315973,124836.8423689153,78935.2193581305
3261,313208.54832427745,131297.78235791952,79762.4223555324
3262,229403.80821182887,127152.03221977022,88065.78577642173
3263,193374.5049826348,95177.3220622805,83823.23707005031
3264,182139.28114101954,91714.64106592514,83224.7682348089
3265,175077.7066768978,98102.02285612453,96948.81796442984
3266,173690.99713206527,113280.89960424758,105618.78271371324
3267,186395.7654576987,134045.28999632839,114946.7498472936
3268,209989.49613089752,152307.14333463035,139822.37331840338
3269,247643.39476997335,178231.38165712974,163958.5274433509
3270,277577.2167564848,192516.4341325781,173863.02999936283
3271,285124.90463129396,176287.8031349973,177228.24219333834
3272,276375.68288716424,178152.56212018713,198130.78460116984
3273,299719.7424891974,224382.11394846812,242348.54482592116
3274,311593.03507395205,313603.6179946759,369248.62641670386
3275,319145.069762605,327795.3906312299,387301.02460595
3276,310595.28667571873,296416.38459308137,328144.1467111938
3277,298826.6982940689,281571.92117792997,289718.44980592345
3278,286017.75403682154,257483.06882866003,261831.6820904837
3279,306811.6785522669,223553.5202151892,212951.50497128558
3280,316164.1167224782,219250.1645148629,180837.85527290992
3281,342622.3830261918,189527.08925422642,143807.9877604303
3282,405694.7002731248,146081.99172229602,80855.95965134006
3283,396476.04657168133,150272.19514095303,88476.25393043555
3284,379255.81653691817,138728.85277844945,103641.64221613546
3285,309954.50928504794,155474.38511428284,124268.45029149961
3286,229607.3368743772,158836.29640503175,136958.49627436823
3287,205303.9248690478,146703.93550891,158976.5093908173
3288,191381.7789739295,149873.72417836162,185954.60714699002
3289,190664.01367769192,185958.46099339673,234994.58484523164
3290,195073.13076706958,222733.2876530272,267669.10324260325
3291,212233.7036878674,256068.3385686409,306745.0448357775
3292,230345.6409706967,308711.5962503689,356898.3413227057
3293,274982.3003999422,349398.8974328653,399893.7174291051
3294,329475.5934969343,377449.1017476543,419204.86873189866
3295,335355.3752123193,375255.69344324863,457508.71543389204
3296,355775.00129256066,351323.2279570127,467384.5478498891
3297,356661.5982122606,385848.0824283388,493706.91063050984
3298,344631.1832926665,375760.263270621,477353.07261303504
3299,331462.86700391007,357005.1000387955,463088.6044308038
3300,317294.0251612579,320090.6133365597,419620.2878673829
3301,290139.7668152363,307261.7618596368,353494.76330441394
3302,287155.6373999514,270294.5612408996,310931.1933377806
3303,352836.0139867375,277364.0429286554,257576.60000536364
3304,367126.6197217043,233586.21310828227,218284.80760296978
3305,342473.2573354528,191365.40750189588,181542.85782751374
3306,378831.39364301076,128380.63845420319,74890.0713670482
3307,392976.12435729016,140135.4229375991,73758.93393499494
3308,395328.1414654339,141473.0595136318,95670.41333208156
3309,308077.11829159403,164073.1542401673,114329.48094392929
3310,227622.5964643533,149321.43447658393,129162.73469279362
3311,197603.57951415388,138532.9600900153,154818.56099099832
3312,185207.25116170794,150307.6840396018,181762.1919556127
3313,188950.51883540765,172463.04489081234,223322.87588567953
3314,197634.6485610001,208582.86846400163,259667.99945598215
3315,219364.94037740855,234941.13367115695,302211.0950735032
3316,229137.99685672997,275146.8746347388,361492.53716049733
3317,265478.09415059834,325776.43835646845,413090.1402922569
3318,300338.8971800747,389785.39577582857,470548.17805762496
3319,355105.99264094123,426894.48891717003,536425.2915022018
3320,374018.83558414486,432408.0724552346,571650.1398717717
3321,387786.80709662015,435431.57985259546,595448.6680981454
3322,364669.72023505863,408119.9359656724,532917.4391897874
3323,342994.6122152931,345478.9416371586,448017.5420895683
3324,328976.39161422057,250578.7857002083,321772.3101712188
3325,284658.8801096432,174067.85355794814,204231.40670700817
3326,289474.7571310494,135099.18294170953,117538.0259035485
3327,307746.9434749483,123393.77795988045,77503.28083611303
3328,359555.6949230898,125324.23664837616,67166.37671327748
3329,414647.8043397923,147185.23065753604,54679.998135072085
3330,441847.957634605,114083.85688099555,56594.471738907334
3331,420640.2951627497,128979.87805872608,55601.20147308776
3332,410450.63315895695,134532.19835602483,67858.84588913276
3333,316522.28934293485,138780.6953905457,82309.83158616748
3334,227995.69675892472,125651.52874342258,103290.70761117709
3335,196540.27367282822,110077.39815666495,103616.57545863843
3336,190319.35545436328,107065.55016646927,114216.68053519272
3337,180892.45768468175,119429.54398748338,136325.56064756843
3338,179419.48069323943,136790.26750079196,161348.45131897324
3339,184303.67094730883,165218.90277685763,193769.16879668762
3340,193278.47365775926,198622.45162338574,234203.23984687775
3341,226512.9585698926,240823.4940235488,262209.7330292681
3342,259424.17045662258,273243.4239761278,313246.1743755496
3343,326824.785187087,320801.6647544366,334360.0427439803
3344,345862.923889637,295239.00100414833,346529.77942915884
3345,339856.70491172274,278602.61630089255,363170.13850130356
3346,337737.68821339746,257216.0307843887,326185.4577848553
3347,313310.3208715736,209987.07604774524,252748.1158424993
3348,290098.0703342475,156205.97920909227,157701.23810315618
3349,276250.151757087,106338.7985134489,88990.12245912456
3350,311618.8678939506,105422.60517576187,55488.40106435115
3351,355907.27633275563,118545.99105327498,54905.59895254531
3352,405967.41359049146,144794.5221729652,49268.7118604019
3353,476794.76014519675,138508.99921887837,58938.21356487918
3354,488077.90959060047,142754.31264115023,48460.308931122854
3355,483656.7124300094,147647.85978487082,49506.84605662364
3356,463659.16145402985,135260.29047736054,56171.470206145066
3357,350008.26819788525,114195.65193849556,55494.66775372539
3358,250291.7166723401,93273.55544911411,55554.20130278083
3359,209330.38006244515,69411.05793074504,50308.98229652843
3360,186616.17541523842,58626.7389959539,41707.95113036186
3361,175675.6972472021,55628.563782574834,37954.20419518243
3362,176290.16738866994,63679.80186920107,47739.6396530834
3363,176667.26187209276,92124.65681188251,61115.88812243318
3364,192256.53071398727,124712.11179217217,92270.73434654763
3365,244051.65639929377,155255.31907984673,119333.43240927286
3366,282533.1837364165,173580.24145238602,133706.08448912937
3367,294165.6141331948,169863.87682735082,157416.10373662747
3368,296396.1519145202,174417.4141828832,158895.61738261432
3369,273359.3980226762,201009.42355252762,176899.2410011899
3370,293486.85579131416,176752.04082431062,149197.34062229053
3371,274840.794028471,145242.7245100561,107943.7244715623
3372,261867.99850518897,117466.26058111542,73505.1330153376
3373,272941.44572819973,90528.89630587531,49719.91349534834
3374,313338.6830026334,84009.227048805,35356.661449553234
3375,382224.9484532916,102348.67674671167,39210.675414720776
3376,445938.52367696736,120666.79624255036,48604.442786730746
3377,490315.0277835478,99377.81357525778,52245.389313173604
3378,502607.1012549213,131855.21610685732,52408.323236904245
3379,503574.24958276446,115005.00995144935,51261.519081415354
3380,472733.64961145667,112387.27640182019,52658.990811874464
3381,356095.4471704731,99601.73880733685,55479.001030289764
3382,260697.5195106355,80972.3290569663,48635.77623360205
3383,219598.21373546534,64808.29187633146,44546.76141689988
3384,194851.52420884327,56391.54159181748,30205.44278391468
3385,181148.78313112207,52789.1502852949,34610.925414016754
3386,176034.2293483376,56828.785600430376,38311.40548951502
3387,180653.797147631,89030.5710905402,51214.51891110843
3388,196802.39381801942,117052.22343021199,81329.09469909643
3389,252835.21133340214,145722.47812011937,92070.20028657145
3390,283805.1530701256,175239.4061097091,118305.69535189487
3391,286881.7421369956,151250.0500211461,133489.88370571748
3392,329216.6635906388,166531.20450173033,142783.38404773938
3393,340973.03742577904,189526.85467227132,143964.65499478666
3394,325418.80181200895,162141.55615360342,131735.21068092575
3395,305294.5989040606,145077.67934872877,89366.12382157994
3396,281942.6532848942,119619.48834776832,64584.50069108395
3397,284717.40409547143,84587.97424395695,41181.54922292433
3398,317687.37487369205,99296.93306828043,39141.74183160395
3399,393887.2605278465,86607.62434298519,46235.63420326193
3400,470569.9779856633,133873.7603195255,43058.42269051406
3401,515313.147026062,138289.71535834123,64800.70147449579
3402,582396.0012029926,139582.99918898992,53592.72752863865
3403,565702.8832379034,139616.72872297483,45988.09997297883
3404,541380.2365064934,113646.04317334856,57139.67371446764
3405,419216.1942187444,108414.83206099164,54639.264654139435
3406,301889.81870825955,90125.96828613545,38822.140673516886
3407,257461.3757425107,62068.50868658983,31994.58260026482
3408,229050.96361595605,44311.84434463502,20369.87381101964
3409,207291.24539014488,38013.92205863124,23449.951638466537
3410,199448.86079342323,51675.33840621754,21958.479567393573
3411,203245.12285518128,51604.779505268365,32389.384030842954
3412,215025.50667987022,76237.54362934481,46837.23638319052
3413,257843.53028205127,137195.8932130165,68939.84980619198
3414,288861.3685171481,148747.22811785017,73342.19909160693
3415,300641.32442238886,159720.55308510555,84258.77198156113
3416,295843.1992655037,156266.53486523827,85192.50869832531
3417,280671.45048786653,163312.3044243752,99580.82750161744
3418,293729.59241226583,152007.26381663277,101404.434109526
3419,290768.9555447651,141874.71408847222,97027.1515816081
3420,266884.60646848974,117479.31339133615,74410.66962991757
3421,270265.8186847572,117762.25274099833,67423.31097762201
3422,311627.9565963593,111734.36779712167,56171.470206145044
3423,327789.5862620742,108063.71314163985,55316.0671065591
3424,370402.3967092691,128911.53093049722,47018.970375043966
3425,406521.64774401643,117391.63000765839,48867.64374044951
3426,417540.4754398381,118948.617467644,60761.82017278768
3427,417892.6592367348,134877.4192147891,59643.21611948299
3428,403358.20585187466,137929.5147661531,67633.24507165956
3429,313447.8747022824,133528.35514636798,68711.11564403161
3430,238265.21261319547,108732.72412197666,66868.70896800031
3431,197308.77140698727,95219.17818542724,63863.831413044514
3432,179545.3764484619,73970.51010271885,69347.18461551866
3433,175285.36156930742,88095.67821985402,73749.53390093359
3434,173008.6208244039,100099.11957574709,89406.85730251265
3435,178552.67339935194,114298.31505559741,107310.78884476244
3436,195734.68541377835,150393.52427934614,140734.1766223577
3437,245144.32432720004,192579.06751461283,161586.585515195
3438,299688.3651968636,204279.94841587765,183836.1560409475
3439,307413.36152613803,206370.49253293403,191788.89495442255
3440,303580.2461825104,194243.84538300653,192822.89870117477
3441,294934.58350248734,230110.5047589881,203097.13593026774
3442,285443.3416406603,223969.6853595433,184895.5366427407
3443,284344.8210108802,188199.03702664838,146834.79872819598
3444,269440.3148445579,130250.18961362037,88338.38676420193
3445,264774.23102368764,89533.46453489724,61382.22242083907
3446,275764.5938807024,84436.76941798552,38649.80671572485
3447,335936.42854971794,99440.02806094398,43362.35712516547
3448,420652.8286292923,125671.46820961346,49513.112745997896
3449,466499.14624499675,137711.67190905492,49892.24745314038
3450,497020.76706191804,124562.18041110034,55554.20130278082
3451,478955.0523062907,109455.47112590478,48385.10865863176
3452,442917.6840462624,115049.29567341766,60686.61990029661
3453,366236.5869868751,108273.71425909323,55225.20011063239
3454,268890.39931024256,83713.75432039425,40545.48025143732
3455,222989.28160620842,66405.96254968796,32141.84980055983
3456,201660.48703274288,44992.23254979823,28469.56982724571
3457,186538.9342828906,46914.12899692973,23540.818634393254
3458,185349.46819092782,41665.77664599021,26063.16110753136
3459,187605.88629901098,68229.95454223719,34491.8583159059
3460,199364.93556023622,93470.72158244796,53053.79224245262
3461,253180.18551153832,137916.05981543768,64349.49983954934
3462,295995.9881347417,155059.77826434522,82500.96561208232
3463,282005.70501587744,153896.83822151035,94981.07750091347
3464,284886.7237680699,151157.89282446585,105496.58227091523
3465,292701.54064409685,176037.0685366115,121454.70676245856
3466,298997.8007668349,161778.10492575043,101830.56898697543
3467,294012.1062584957,138191.3417398486,90152.59333804908
3468,275706.7969276724,112168.41143763169,66129.23962183812
3469,289750.20966134785,84916.80787756594,49594.57970786322
3470,307840.7922749518,94049.8206505326,34551.39186496132
3471,371077.30401875114,110479.52189541567,47764.70641058043
3472,476657.8612409945,120201.98885420308,50688.11700367091
3473,539235.0001369718,115453.79874342815,45818.89935987389
3474,565471.9734327593,111451.67978526847,46016.30007516296
3475,548059.4279370713,95010.06512823288,50449.98280744919
3476,513125.7041638058,136317.97024573272,56914.07289699442
3477,420389.47029941756,107485.21728429712,53097.65906807242
3478,305190.9895926745,85350.85151807591,35237.59435144237
3479,251539.6772849142,55902.4382152546,25411.425412608714
3480,215923.6518315129,48780.764637760985,25336.22514011764
3481,187481.49648715637,39153.940093273675,20886.87568439577
3482,180386.8805445707,52872.644705487175,27883.63437075277
3483,171608.32709328062,62930.04442871854,42904.888800844776
3484,173306.8490864344,80074.75147300864,69275.11768771466
3485,198243.19267022473,107844.94871257493,88429.25376012862
3486,249959.07629136115,146025.40720353433,126743.7925943307
3487,297082.2613029277,203044.72361913757,163654.59300869948
3488,323445.18607642327,217423.8152250965,195176.04056120804
3489,310661.84889653116,220979.10054799984,232140.10783525804
3490,307222.6035941914,237040.45852235958,239378.13406252387
3491,297162.6398547174,216729.58140638858,218137.19042848249
3492,301958.3900058722,176003.22142259474,179246.11617184893
3493,298317.6879162961,145406.3454237984,130224.93854173007
3494,278677.86202419235,134858.82021691356,91330.73094040921
3495,298692.52618586505,154811.08788014014,77562.81438516846
3496,377541.67254580674,136331.6932901111,72875.33073322484
3497,387892.2540293516,129972.51160209588,65070.16911758881
3498,402448.1312546193,142744.32615220093,63704.03083400094
3499,422548.7529439833,142412.4764648823,60686.61990029658
3500,396428.5761672421,133449.31778332416,68103.24677472876
3501,319711.1977428302,138786.4594043017,84055.10457689781
3502,234125.47979087042,133879.5913566973,98741.09112546714
3503,199854.33137989472,105508.96484697828,101808.6355741655
3504,177872.7351049771,109734.60689672233,122617.17764138307
3505,175025.86732266037,126190.24620350737,138189.90073640962
3506,175159.84953883622,144615.53614115829,161943.78680952752
3507,182807.15288709372,169386.72037464846,192287.09675967591
3508,193358.6823005125,205055.727697532,219489.11696376296
3509,230804.54086744654,241274.05893604548,247744.81667876054
3510,270799.79334671685,266671.69428085996,280781.69797721173
3511,302168.6427793978,305554.69221589377,308368.6481985503
3512,327539.52495051426,338856.4827614329,332858.3458120928
3513,339802.06532810745,336361.41277980193,377711.29347766796
3514,333587.4814681554,373238.3724079182,395698.3226493371
3515,350900.4998973334,373038.5420938078,394218.62846633204
3516,326298.248765516,300421.40231397294,356768.89276577736
3517,316123.962239796,259233.18426117973,318591.67878866266
3518,319162.13562188984,233851.9026298123,275749.9991907066
3519,321907.80064370035,220485.17148550155,229207.29720810597
3520,361373.0972951013,201732.33811499525,182216.52693524628
3521,352272.86352799734,176194.52329610309,141414.1124194644
3522,376405.36389690335,149798.74173197185,92502.60185339508
3523,379928.8814298521,152143.68997942747,87824.51823551288
3524,397770.8842269383,141610.54129522477,103237.44075149589
3525,317496.5914420984,131493.02156805014,118465.49593093837
3526,239981.39345941675,130442.86517809785,112483.94092321083
3527,198733.1220372885,112437.71152218523,123159.24627225629
3528,190600.31343416413,107864.65359681062,122009.30877208026
3529,177202.34987639947,115416.31589816028,125139.5201145211
3530,175849.91086167993,124995.3359913514,136172.0267578991
3531,179207.34904642534,145277.54317454723,153765.75717612333
3532,202876.76183210354,185295.76696999613,180709.38814073772
3533,249098.3579838217,247279.72561759516,209022.29073362701
3534,290399.77095222607,257917.49785381087,217856.6444088751
3535,316085.0107400037,244169.80561427787,236824.45814251434
3536,303038.13640257315,240158.50444815803,265807.8964984491
3537,310635.8585724999,259084.27498719835,280666.21700481046
3538,309796.7578778639,255045.36017378242,284828.6352890427
3539,315480.12417999026,256312.9740361921,288953.9137022641
3540,301490.04687749787,234036.6359195213,253775.8528998773
3541,292670.46392890066,217133.1964161399,235358.05282893855
3542,304662.82098396553,235926.71300001733,216395.05078243936
3543,304828.27793707047,229966.25361240245,194533.70490034673
3544,353146.6667817416,229975.85471671144,183607.73197633104
3545,347725.0773921027,194251.6200992355,170334.88388165663
3546,367915.0984721422,168219.05518100198,161445.58500427418
3547,379243.8564428728,167087.1302238135,169824.1486976547
3548,398596.07854964613,192824.87589193977,184735.73606369726
3549,319009.18103293923,182404.91300111468,202555.06729939458
3550,230349.42056442605,163230.13371664425,201188.92901580682
3551,200639.83181796543,153274.91119075037,199359.05571852392
3552,200105.2826916466,158349.8907209535,207627.95234785497
3553,187318.01663585933,164813.04248267805,203350.93684992514
3554,186999.67703080768,181670.15204990996,221486.73589902252
3555,197465.82097329778,201532.49104503074,234759.58399369702
3556,210333.24660934875,242745.23966799493,270452.05189083633
3557,260988.06163501806,273741.55875796534,296092.74776191544
3558,320064.6364431524,295638.4102945605,323501.09959745687
3559,298870.35065558174,282393.1255796208,333165.123854145
3560,310949.7242091983,293328.04612964106,349163.7168550351
3561,305921.72162173624,297147.30845373316,367763.69243116723
3562,318849.4624323886,292412.4165646854,342897.57583586127
3563,303016.25912325905,263977.4870138401,329919.26214177674
3564,299366.5105002153,243729.093143899,284460.6974209223
3565,269865.62303142407,227844.17497822765,242185.0746959559
3566,291439.752897661,204816.01845103956,217056.1865114233
3567,316752.0521565263,203148.7272045548,173336.62809192523
3568,333368.0412833357,173235.6070485098,148514.2714804966
3569,335647.18230917974,129345.79239710841,109776.73111353222
3570,410134.0508139467,137619.414177251,48109.37432616452
3571,437765.9402446165,148699.52420167776,48410.175416128826
3572,458014.8013904444,128717.85001478317,62795.360874733815
3573,367728.5610151688,120057.70419590971,58167.41077184564
3574,257338.6986218814,85985.32868343838,50030.114619374035
3575,207624.36260689414,68528.69466216661,50725.71713991645
3576,187530.08811001165,54592.984985552,38154.73825515861
3577,178253.0916287085,64853.44890270478,51411.91962639751
3578,172936.0751865103,70362.05317706929,65129.70266664425
3579,192654.69942227931,93818.60662198895,68422.84793281587
3580,199755.00328038106,144543.80433043317,104249.51108543832
3581,251121.667007194,165013.87814802505,122570.17747107611
3582,301279.0674343741,182726.99402558504,148204.07035647094
3583,289906.8571715711,186337.2270717524,159628.24508573994
3584,305123.9371407332,222335.85555338016,180853.52199634555
3585,299465.41648456216,198675.91955331422,196451.31184886914
3586,299628.12763833004,183017.33946268965,159042.30962924703
3587,295251.15455360373,148716.43085830522,134492.55400559847
3588,263128.4676729835,139989.09406512493,83177.76806450197
3589,259331.14464159097,92791.17116998186,52210.92252161517
3590,286125.7646322549,81246.25375720777,50656.78355679965
3591,360026.85088117496,103945.10748687643,43265.223439864516
3592,428273.13343869423,117924.24833690832,51847.45453790831
3593,463143.82518058165,115834.02258107688,59599.34929386318
3594,500244.8268015493,104029.95913123802,44042.292922272274
3595,491111.8789163856,117657.39460703016,49594.57970786323
3596,474935.9749350425,110690.27702629633,61375.95573146482
3597,361376.67853280983,118503.63225450998,63067.961862513956
3598,264191.3161226718,87863.15723470284,39057.1415250515
3599,213814.00635403462,71007.13679797701,34106.45691938912
3600,189622.28357652848,60946.603730058574,28629.370406289258
3601,179105.99283415716,64354.99575964231,32354.91723928454
3602,179333.7839742647,57749.017098917415,38104.60474016457
3603,182566.02282434405,78896.37928869334,56776.2057307608
3604,191184.82755407467,121850.93244062169,83644.63642288404
3605,247784.33229335208,163604.86163419994,123234.44654474725
3606,284036.1277871072,201392.34508266088,142003.1812206445
3607,277395.23782521696,185946.3632668506,167991.14205568476
3608,271358.0623657701,183349.72533733433,171327.9660951688
3609,278373.8826773051,191677.9712013274,192205.62979781057
3610,275506.53798235935,182268.88897881456,157334.6367747622
3611,286176.0539371956,134769.59529467323,108560.99337492653
3612,286448.300675189,102392.35925793812,63086.76193063675
3613,289053.2706959558,82181.51525668074,49196.644932597956
3614,307907.882302772,82633.320102369,53504.993877399065
3615,357469.0102523713,106023.55387738674,41181.54922292434
3616,395956.3415952484,110426.7409554988,43127.356273630874
3617,453244.6750877818,123992.66569147039,42839.08856241509
3618,469215.18559923756,130593.01438527084,52950.391867777405
3619,445973.3673943785,107256.56690140649,61758.22378329443
3620,433845.3381879578,97204.99821534696,56387.6709895569
3621,343866.52053874783,98595.18114934136,46179.233998893644
3622,237848.37161043024,95276.71778786366,44198.960156628666
3623,200018.77457133276,74363.41812180156,39874.944488391935
3624,178223.76216783878,64843.6802398567,41679.751028177714
3625,167737.74110427612,76804.10931868099,65891.10542561639
3626,166140.9778444473,103636.93382117776,99583.96084630457
3627,174678.96134560255,125215.2900860463,126427.32478093081
3628,203449.4370369712,174213.3613935792,179111.38235030227
3629,253333.61289912235,217863.4500426342,213995.27144948393
3630,285893.02063553006,249985.41064456516,252922.46406805198
3631,291705.1063991327,253136.76787468066,293891.9501815093
3632,304618.0801631542,241979.7652365148,315581.2642958552
3633,290925.28821109096,274495.92923375795,329633.46719166316
3634,288198.1431557095,246732.32862516856,286365.77099069644
3635,264661.6738615218,211575.17912850104,244694.36081628758
3636,253650.97743567257,155664.1451601743,159697.1786688568
3637,241495.3559197176,123587.17402607741,91593.93189412796
3638,253861.0904788938,103577.56783066176,57500.008353487385
3639,285072.464892138,109268.00663200326,45267.43069493935
3640,352890.01036710973,134765.02094654713,43017.68920958138
3641,377545.0910951823,121770.50434170078,54050.19585295932
3642,392183.6458406087,118753.11016385032,46903.03662162021
3643,403711.170417318,108225.27308534738,53614.660941448536
3644,380178.7479340115,119332.76217511512,73987.66809715531
3645,293025.9486276192,135300.53803852896,63190.16230531197
3646,221879.38860589673,94212.0675842517,51612.45368637367
3647,184969.41589595255,76867.16159706422,45295.63079712349
3648,171088.85032788443,67759.5004311115,43976.49268384259
3649,179701.05364010384,74244.36777954464,53743.12807362083
3650,176864.52073574392,73202.82389851859,58067.14374185756
3651,172252.14980227427,84340.02111732523,67106.84316422205
3652,183258.2754175793,86870.1047949845,82250.29803711208
3653,195593.2398440606,120688.12644461835,100345.92540014762
3654,238466.1371863878,161197.53134251875,117174.55791984161
3655,278634.17311327177,184423.72530744574,136262.89375382583
3656,296619.49832566176,146063.86188833087,142830.38421804635
3657,301158.8379451497,158866.59098895857,157068.30247635627
3658,280537.3067051547,151294.67086019323,133690.41776569374
3659,281374.2028562662,145698.6010282522,117910.89392131672
3660,283067.6861284132,109163.73495292314,87717.98451615057
3661,267150.8062450826,96289.50862352549,57152.207093216144
3662,293670.3612100468,97881.95147045208,49290.64527321181
3663,347771.7266833543,100346.58678261444,45041.829877466145
3664,421411.9157687834,108880.54426545174,45906.633011113474
3665,481637.6865922196,133519.407520363,53608.394252074286
3666,497019.3265429672,111424.75312798393,54037.66247421085
3667,514287.8615833128,102557.23686072603,51405.65293702325
3668,489725.22575258417,107716.4145569869,53551.994047705964
3669,395088.6876740026,104722.72991246427,50691.250348358066
3670,299928.43004310125,79862.2202216101,32668.251707997355
3671,240601.77676314727,53016.761805241134,26266.828512194683
3672,210368.5028856223,45383.280669093416,27188.031850210326
3673,192739.42811106113,43259.52644952429,16666.26039083425
3674,187144.38450173076,49232.70353028086,25652.692953517577
3675,181799.9442671268,48462.58772725897,30086.37568580381
3676,189247.62940919897,56536.69755451585,35626.12909264625
3677,206995.3304127821,83404.32396564986,52818.79139091804
3678,242467.1432989783,121909.22605648538,69159.18393429097
3679,284321.22583502333,140163.5727722215,96889.28441537444
3680,293715.86359848647,145568.59235751734,109776.73111353217
3681,283474.38467771607,141640.55102963457,112321.0069994802
3682,294101.2819682341,132924.4239027415,113198.34351187607
3683,302929.6030640241,129830.13711115188,97121.15192222192
3684,266585.70038564765,128824.35022243766,79784.35576834226
3685,280546.9588830172,93284.31270734477,57280.6742253884
3686,323101.6988269234,81586.69919759853,40940.28168201546
3687,371825.46806553693,104225.60048186325,47178.770954087486
3688,424524.85684623587,107273.42329047198,52436.52333908839
3689,498504.33164196817,126338.93765138742,48911.51056606932
3690,564362.4569209014,120970.27826914536,38919.27435881788
3691,513653.9764680243,108989.407048512,43989.026062591096
3692,505190.9707072536,117348.73502156716,58308.411282766414
3693,374346.33947462455,101225.38105430317,47727.10627433489
3694,270917.9736463384,95746.55193239344,36121.1975532125
3695,226331.15005486007,60638.44682021382,37264.86836401425
3696,193419.44636079014,53631.41679539045,23825.95300092192
3697,184648.94589570112,43050.815532824454,30311.976503277016
3698,179297.65620287278,51867.67885361618,38436.73927700014
3699,178702.51457359598,77164.42720184676,43130.489618317995
3700,196925.77732773643,92443.83907362098,62425.62620165273
3701,236559.85670146454,125379.94986273287,86552.3802925389
3702,273838.1797685051,143830.80923349908,105355.5817599945
3703,267162.43942658126,132078.68893088,116820.48997019614
3704,273596.4275305161,152105.41960902416,141310.7120447892
3705,276267.83367176435,162877.2386767747,143447.65312141055
3706,267390.4058490162,162471.5626969883,152167.751385688
3707,259607.3101319402,162721.14114145227,136632.62842690694
3708,236820.3336640638,130754.74188751768,103381.5746071038
3709,248558.96318010287,102558.49354977164,67106.84316422205
3710,283760.3221482813,92190.80892324493,40548.61359612446
3711,335667.7989397136,103560.19201012394,35287.72786643643
3712,388966.6379907538,109242.78907182082,45467.96475491555
3713,418485.9231437633,114589.59882052272,53514.39391146045
3714,470179.37983817194,123625.81302526724,56719.80552639248
3715,460055.0181971672,105634.14783177791,50315.24898590269
3716,436507.55685452773,124120.19449582192,58026.41026092488
3717,337069.72593681753,115892.31619694062,57675.47565596655
3718,245088.49619957292,81364.58359774528,43791.62534730203
3719,208856.7412518622,68016.0660666693,31590.381135625288
3720,191910.9107999749,57683.14983707194,30264.976332970116
3721,180729.2145513421,50522.468631601696,26909.16417305594
3722,178378.21802438915,54133.42217948861,34169.1238131317
3723,177706.89635956514,68390.74371666324,48463.44227580998
3724,194297.48799695168,97263.74423926712,67006.57613423397
3725,230912.2417022476,132489.1068173318,75027.93853328186
3726,272340.83698084933,150760.12560774,97995.35508993064
3727,285521.6891251422,141078.24132719976,119342.83244333423
3728,271698.79395150696,148472.5996717432,139001.43701037575
3729,253154.8139978647,168083.28249651103,148984.27318356582
3730,264468.4790196026,171410.47565789244,149983.81013875976
3731,265574.6621800002,163386.65014831515,132546.74695489192
3732,245774.28277448312,128418.00400849356,118036.22770880185
3733,257463.1313734976,135849.86195415905,94470.34231691157
3734,253262.51628255993,132965.3249422136,96864.21765787741
3735,272995.7061242555,137755.97438687715,86442.71322848942
3736,306434.4424196469,146745.77487620275,105064.18070409162
3737,335136.6086542972,159140.2811072452,95679.813366143
3738,324826.71441956854,131683.28428955987,95955.54769861029
3739,343966.83340165537,132694.96923886167,93862.47344760872
3740,356129.87518802506,141576.10801537425,116040.28714310128
3741,278589.333580962,148648.0502183685,119107.83159179965
3742,218702.78409464436,138385.60911045043,115626.68564440034
3743,190372.9500596111,114923.54298958402,112007.67253076739
3744,183371.44499043436,100022.84692860376,105546.71578590931
3745,171515.5253384874,107495.85725155029,109071.72855892839
3746,175468.87109015547,111486.34764707422,115360.35134599447
3747,182486.74767194822,134591.0784267766,126314.5243721942
3748,205909.8916982472,158949.7502920721,157268.83653633256
3749,264986.5097377578,215118.30497963124,180088.98589268632
3750,309308.89557940786,218715.0495633754,196842.9799347601
3751,301267.67250865826,218453.69175359033,208154.3542552925
3752,300886.95500688633,213682.98177511746,211472.56627896108
3753,300760.9838025705,223388.05615751326,231391.23845503433
3754,291571.4116336727,233445.2883222053,202921.66862778863
3755,276177.8519868524,247744.36544740302,157547.70421348693
3756,250357.94918442034,124701.50533662691,101664.5017185577
3757,247728.71270120554,101366.63290303307,58073.41043123179
3758,271968.8861233781,80202.28027736017,46602.23553165591
3759,316351.78376149427,94442.46057595218,45941.0998026719
3760,404399.22764690564,84838.13914330887,45461.6980655413
3761,466317.38492744684,93936.55107788563,51186.318808924276
3762,525709.6482708727,99437.54819456057,46025.70010922434
3763,521320.37959467346,126995.78388176241,47629.97258903391
3764,485308.18144425785,108938.77085789961,53580.19414989014
3765,397614.1047207137,103073.04906847229,46498.835156980684
3766,295181.5616377153,88714.3546149494,43102.289516133846
3767,228766.29955946514,64461.79757266774,33570.65497789025
3768,207353.57218475352,44341.31789171875,20883.742339708642
3769,192227.85234177014,41320.287693562954,24295.954703991116
3770,185735.71338129594,43961.66375310405,24875.62347110982
3771,196257.3059099546,49690.775065343485,32536.651231137963
3772,199886.22492917918,90959.48824047332,40739.74762203928
3773,252209.82007639954,103835.59122551244,51480.85320951433
3774,286595.6307422463,122315.73982896892,76494.3438468578
3775,280311.19165465696,113483.32707571915,86718.44756095667
3776,259232.6264916396,122246.60517560487,84634.77334401649
3777,251528.29298153773,137277.98014147766,93755.93972824635
3778,254321.8838894877,126641.14623308284,76080.74234815685
3779,273938.511565036,100114.66900820512,54025.129095462325
3780,295144.7374835365,82498.56952496858,47185.03764346174
3781,295798.3690767824,68970.93191525414,33160.18682387645
3782,346807.8581017489,75129.47900816954,31621.71458249657
3783,431689.870425909,89114.08226658641,34385.32459654354
3784,531241.0946668838,107273.406534618,44819.362404680025
3785,609420.248769718,99979.39899933246,49785.71373377804
3786,636270.2331808421,106704.94743378652,48472.842309871376
3787,573499.0352035102,127355.3980190626,49039.97769824156
3788,532920.353343011,108859.96807681103,50402.98263714227
3789,426353.89785918035,104524.9773242424,55826.802290561
3790,332525.93193253607,88625.74965930486,38474.33941324568
3791,263135.0545684418,62327.48716511527,22544.415023886526
3792,236100.71668789798,42706.78433969018,21134.409914678887
3793,217225.15260977688,44898.600837971135,21522.944655882766
3794,210567.39040484442,46525.94612865864,18652.800922473452
3795,214600.99527381838,46404.90183978264,20482.67421975624
3796,222728.5590872884,73101.16613265322,33282.38726667444
3797,252902.59531087987,94214.0280191629,45775.03253425411
3798,277667.51779549,112154.08518251135,49118.311315419756
3799,286881.70770483976,103479.62986437154,53605.26090738715
3800,277102.80194239947,107819.09442994272,63014.695002832785
3801,293902.51470515423,118447.8520167376,64966.768742913584
3802,267598.75751271,116919.83542821737,58048.34367373479
3803,276098.1864985837,92013.49847683214,54047.06250827224
3804,290105.4642085884,92843.98562160658,45605.83192114918
3805,267661.0426521951,68672.52691240355,42854.75528585071
3806,308789.2393619713,70408.18204297124,36741.59980126385
3807,376905.2488889011,111687.78652316323,42325.22003372609
3808,431628.7334097605,114300.10793196919,44662.69517032364
3809,488738.5636159178,128161.67295489104,62040.22480513593
3810,548151.3206944945,114714.48019995145,50735.11717397784
3811,509295.74801269214,105037.11999997548,55507.20113247391
3812,485467.85240698874,122928.28358152152,55591.80143902636
3813,397236.2134101001,109602.43672082898,55118.66639127003
3814,298659.20065693953,77509.8993984201,33573.78832257736
3815,234572.12669440938,49399.72588237336,24838.02333486428
3816,213501.43100343802,51754.94546829534,25123.157701392924
3817,197431.69951782687,38846.13505636166,26019.294281911563
3818,189093.81625394063,48463.20769385481,31042.04581537787
3819,183141.92925136074,46942.32909911387,31884.915536215325
3820,191536.28593241193,66702.18929152614,47185.03764346173
3821,207638.0437711192,100894.58698578295,56284.27061488167
3822,241622.41551523525,113371.64930919673,78715.88523003159
3823,268312.27434823825,172099.86175662253,86649.51397783986
3824,297359.5677310521,163239.2824128965,107671.12348378212
3825,299421.7015502754,170222.83748634724,116375.55502462396
3826,291530.96183015296,157941.80189819937,114019.27981990365
3827,280078.2292772073,147686.6663426002,116572.95573991304
3828,280138.04026954336,135564.52651738297,106157.71799989928
3829,262365.075555749,134215.69703091713,89648.12484342144
3830,288820.16310821805,147309.82718744763,68112.64680879016
3831,299661.4742115616,109121.35939830412,58559.07885773665
3832,312064.0288119538,125216.63055436159,59226.48127609494
3833,329843.1211881139,137772.31134447063,53495.59384333767
3834,365828.53042579745,129643.25907213824,61977.55791139339
3835,362739.2573965402,120224.91086239566,55500.93444309964
3836,361270.2476576612,116703.80220334492,68172.18035784559
3837,300156.4429676866,95078.19443036043,68400.91452000593
3838,227257.86445012587,98155.22269238994,61072.021296813335
3839,195755.95126919902,78911.15795187007,65280.10321162639
3840,176504.09043804384,74095.00609750683,54670.59810101072
3841,177318.03314365027,66480.37529704376,56964.20641198848
3842,177785.95570406097,73033.27141248088,55306.66707249774
3843,173977.7687553039,82850.69379555681,65593.43768033922
3844,183286.0445618165,85388.82028310817,71515.45913901125
3845,199499.65324859243,110847.73178578803,81886.83005340518
3846,244265.5493558678,139441.94841050718,103365.90788366816
3847,284469.4381602148,174080.55449523593,112631.20812350596
3848,296978.19576727017,172516.9149612354,143175.05213363044
3849,296434.9446104328,192848.53515770586,163482.2590509075
3850,287493.1872049897,194598.04737948338,171976.7564977117
3851,275476.59476078657,174632.0566718785,172684.8923970026
3852,269864.3655501018,164780.5193701767,141620.91316881485
3853,268240.6342152986,146531.71884209555,122272.50972579903
3854,285397.5685603507,120180.47433774179,101244.63353048246
3855,315748.5505897992,126336.21118837266,64039.298715523684
3856,334890.93045167864,110883.45526639209,60461.019082823404
3857,351825.21374783444,123333.75849106062,60808.82034309463
3858,391610.8537696146,101671.87429429196,48557.44261642383
3859,411543.81844654394,100987.02903198026,55168.79990626406
3860,414642.17765880027,102918.69414195986,57985.676779992194
3861,320463.3423698053,101130.67696782382,56093.13658896686
3862,239391.3568994676,91317.62786262672,51208.25222173419
3863,201762.34762581397,70063.63141836478,33755.52231443079
3864,184383.33344489962,52416.902234122485,30164.709302982003
3865,177700.5769408197,53050.692409473406,39517.74319405933
3866,174980.86499478397,55300.551185808974,37716.06999896069
3867,179144.66032182708,74580.65776815778,57255.60746789138
3868,201167.79873635792,102646.7466324834,76422.27691905384
3869,249371.8281638391,140408.15797221079,96930.01789630714
3870,264832.435851994,151067.51174830346,103312.641023987
3871,265299.2093055525,152181.77603543721,115999.55366216859
3872,272325.72028823115,163016.81494011037,120173.16878542317
3873,268017.21345858206,166078.1764787043,143995.98844165797
3874,265119.3483725603,172868.08414814904,140765.5100692289
3875,256144.8506923712,149003.7769975541,140618.2428689339
3876,242954.80657512127,139139.991166621,112208.20659074362
3877,256182.70611954323,127207.2762702165,102660.90532906438
3878,264835.49342019646,130842.77714412822,89707.65839247688
3879,297412.7426999405,135715.12813261242,89911.32579714019
3880,323057.54918446584,150275.29497393218,80931.15992383115
3881,325776.042696804,122944.72107423857,75488.54020228966
3882,353948.9061794563,122703.16868381262,59756.01652821958
3883,361318.529664744,124766.40075894377,74890.0713670482
3884,356419.2953554308,125960.95909816692,74573.60355364827
3885,282497.4106898299,109868.46941386386,83422.16895009793
3886,219152.46160783802,101382.70176696342,74824.27112861848
3887,185594.63802847636,87916.59165292348,67940.31285099813
3888,175028.07198857344,73700.72409840095,68526.24830749109
3889,174944.50463837734,72790.71367081846,68964.91656368901
3890,169755.13427076532,83106.3378591478,73818.4674840504
3891,178912.69831262893,94698.17166295911,69898.65328045319
3892,199454.94495440696,115111.34260056434,83093.16775794949
3893,233384.26837437664,144249.58829106795,99972.49558750847
3894,272563.82369262667,154413.73955976288,108636.19364741759
3895,261553.69161589214,146830.52598544073,116999.09061736244
3896,260486.50048354478,143544.21710767742,119693.7670482926
3897,271768.5945795123,150744.05674380987,116312.88813088137
3898,280309.665314703,137706.54461774867,100288.9634009084
3899,278737.5450031343,123161.97747644871,89717.05842653823
3900,256297.82020927907,121063.80944584873,72850.26397572782
3901,260681.96286543945,98368.54146892371,63171.36223718921
3902,285130.0105504155,102543.34625780825,40576.81369830863
3903,336260.9987887981,91730.52561546201,46398.568126992606
3904,370128.61143613065,126063.52168014512,53260.59299180306
3905,416432.2905495932,117163.26447428475,63418.89646747232
3906,486953.8281207849,107471.86286870549,51032.784919255006
3907,476171.25540863787,114566.00657817253,56992.40651417261
3908,478413.0128530627,119532.8270711809,53345.19329835553
3909,397938.2073488836,102625.61750066273,52712.25767155565
3910,304091.29919929,97122.86101932399,26323.22871656299
3911,252308.71326638362,61225.80652429183,28914.504772817905
3912,226310.25841788133,37246.48719224004,28262.76907789527
3913,219855.20606441644,38622.47791794568,16177.458619642268
3914,206708.82468900946,36942.97165393718,21046.676263439298
3915,206881.0780054361,56248.31255232247,23033.216795078504
3916,208184.72836170037,74114.59369076492,40990.415197009526
3917,256352.16052843837,93170.03778346126,53182.25937462488
3918,278364.7495508098,134893.75617238245,55002.7326378463
3919,285584.212186031,104967.83454392584,62594.82681475763
3920,277224.4211914337,107824.18820954101,67943.44619568525
3921,273831.99983207125,104799.99115499023,65063.90242821453
3922,267127.0454534867,122303.07240338887,71198.9913256113
3923,286077.67908593063,102466.47039992295,59796.75000915227
3924,261542.85065916833,100346.65380603015,48911.51056606931
3925,295791.0146008965,80377.91513837875,43873.092309167354
3926,316916.6960565675,89734.45100292984,33122.58668763092
3927,380044.11035215616,96216.87199668746,51624.98706512221
3928,450628.3750464637,119638.33868345285,49231.111724156355
3929,476281.9282792389,134236.69211590613,53185.392719311996
3930,516220.951017772,99504.62187788986,52934.725144341755
3931,505598.72949879646,116783.29197444515,44258.49370568411
3932,464569.107614692,108612.21602042674,49907.91417657603
3933,370243.34681813314,93746.50618247702,45499.29820178684
3934,272087.8729761872,85860.36352474004,48034.17405367343
3935,227828.5679159699,58470.926310148556,26786.96373025795
3936,208996.78842440108,49513.33057209916,21569.944826189698
3937,197665.62023045908,38024.00908270422,20501.47428787902
3938,191689.50165285676,42846.19304448647,30305.70981390278
3939,192689.12141868047,61942.923561295596,31543.38096531836
3940,214139.54922408087,91777.30795966768,51640.65378855787
3941,258348.70955594425,122562.72111607193,68375.84776250894
3942,299169.5427814686,136751.22636110734,87044.31540841801
3943,275310.4048415806,131930.7514964272,87103.84895747343
3944,281534.33984059765,117701.57979387493,99010.55876856009
3945,277377.4332526455,145923.74943766906,100570.96442274994
3946,273267.9261763805,144289.4504675956,104199.37757044422
3947,262734.90933686565,131306.27757586807,88777.05502039984
3948,252085.93829062243,104787.52479965745,58418.0783468159
3949,243252.69649805725,98454.63304647704,54332.19687480089
3950,253212.43498128865,93636.67155988811,44549.89476158703
3951,296215.2756575552,95529.98252019481,46442.434952612384
3952,355605.48007511144,115848.29856863541,46473.76839948366
3953,427040.2582114468,136344.93041472512,48886.44380857228
3954,454315.33382274007,116028.70884802741,42660.487915248785
3955,439235.4097580708,117969.17078132648,52624.524020316065
3956,424855.270648794,120588.09399658545,53266.859681177324
3957,341704.3047479025,109058.8097955392,50139.781683423476
3958,261492.81645898373,93699.50601217021,45211.03049057105
3959,218663.2166900207,72653.46647118067,29447.173369629676
3960,194158.67274159394,53871.00875090509,28115.50187760025
3961,182206.1333945834,40935.992183406364,29205.905828720814
3962,180162.25827888527,64300.63976945494,37741.136756457694
3963,177721.76579764564,64750.433912670225,53166.59265118924
3964,192841.45799819095,101687.12212137909,70882.5235122114
3965,234488.68078052733,138297.99275018848,94755.47668344021
3966,270996.6162176128,148458.25666076894,109005.92832049869
3967,276320.5698735479,148928.69401604062,128197.66452915817
3968,293206.8320074633,140000.63884849075,141620.91316881488
3969,279038.71305962437,183234.9309819786,149739.40925316373
3970,275493.91510092403,186079.84039935147,133715.48452319074
3971,274571.6691787502,143747.11374305945,116400.62178212097
3972,251962.49762887906,132336.042091573,79774.95573428087
3973,245409.57224715236,94359.08344673757,61112.75477774605
3974,270942.7202788338,96310.41992924495,57863.476337194224
3975,305519.355359234,103369.51039226561,45991.23331766593
3976,339732.1836198703,119202.48541071704,57136.54036978051
3977,390983.37211932824,117403.3423495637,58176.810805907044
3978,455606.8282841414,111816.52174899862,47758.43972120616
3979,435022.44744272874,103100.21030771197,59201.41451859791
3980,412840.07452005555,105686.17475826734,55447.66758341848
3981,331476.54342278483,89041.7640009734,56168.33686145792
3982,267597.9230991392,84838.60830721924,39564.743364366244
3983,213452.93080104646,74576.78716589727,35450.661790167076
3984,183170.80084023127,53447.70561277187,30174.109337043395
3985,176026.67959374844,49765.087277575614,32204.516694302398
3986,174952.13934696032,60711.41856413062,47181.90429877462
3987,178494.8377396308,68952.04806786167,53949.928822971255
3988,179912.86837821905,83053.60718679275,64302.49966924244
3989,210440.13221259616,97048.12991074327,87520.58380086148
3990,249126.12599045614,142972.03820727073,106170.25137864778
3991,308155.67530705075,161250.6138878066,131869.94450247227
3992,291703.5396375556,166637.06798693497,143422.5863639135
3993,288510.61463954014,168932.7540238015,164660.3966532676
3994,295192.6174719458,172458.1354256074,161157.31729305844
3995,297319.20736195764,161932.00744420633,148580.07171892637
3996,271457.62677346554,132506.28156762233,115429.28492911125
3997,266291.9001588542,124228.63838253365,76594.6108768459
3998,272084.406181236,119417.56355191488,55808.00222243818
3999,309355.08359011944,103255.80516741623,46088.367002966916
4000,370755.5958125343,116051.26222743312,44220.89356943859
4001,401667.8490116539,124689.97730911493,58643.67916428912
4002,465509.0456196376,110545.05404018232,56679.0720454598
4003,448089.18371752877,110586.35722014893,60247.95164409869
4004,431341.5914119791,105899.56055821692,53736.86138424656
4005,339939.6276323645,111033.65474112701,45524.36495928385
4006,249679.15904773943,88409.63265516266,43976.49268384258
4007,216130.48691177252,60239.18833248714,29998.642034564225
4008,189202.54446926236,57289.72238651701,30117.70913267509
4009,177082.3261174705,45789.35878937438,32361.183928658804
4010,178033.22994318357,62424.4868035847,39674.41042841573
4011,175199.58036742333,72854.83832385392,54767.731786311684
4012,173876.5680656697,86563.6904939497,67370.04411794081
4013,204980.96611717695,117711.96842331883,87244.84946839423
4014,230615.57807068643,151498.4387999802,119508.89971175199
4015,283384.1939255845,185044.76427794696,158017.705916556
4016,310143.48163825914,189859.8102459499,157033.8356847979
4017,299039.14983936504,182252.01583389507,174312.70767036962
4018,304249.19747059647,184814.68964747115,172810.22618448775
4019,285303.63774031063,179179.52840828383,148952.93973669456
4020,295773.44717665063,148384.4303683012,112913.20914534746
4021,275494.6789122866,115581.36105948752,69199.91741522362
4022,293890.99462020607,103078.15960392458,45950.49983673327
4023,339932.9299695834,131504.61661897783,37064.33430403804
4024,392686.84156519535,125141.83242236504,41592.01737693812
4025,421915.53276266553,124430.57993424096,56585.07170484595
4026,449454.4075352018,136878.77192131284,52771.791220611085
4027,443059.3408701616,99704.30138931498,52113.7888363142
4028,438921.1071948046,109642.34916491836,42431.75375308845
4029,342052.9035341752,88689.62297453116,50167.98178560767
4030,254870.35596634186,96371.29394661575,44703.42865125628
4031,206436.56545571916,62067.10119485875,28829.904466265452
4032,189722.78635478637,53652.64646233479,27410.499322996424
4033,184405.2360767441,43545.34780606457,29669.640842415778
4034,177525.44971503262,53063.04147382857,31599.781169686674
4035,183862.9349321982,65339.46920214244,45286.23076306212
4036,203282.5044596537,100444.22314353367,58834.81319020393
4037,246047.91252967753,135339.34459625828,76027.47548847573
4038,262468.31183744926,137926.6327592751,90932.796165144
4039,279601.5793848717,122766.08691536433,88708.12143728301
4040,270112.52324561315,133645.78017079254,100505.16418432024
4041,288795.40657814575,142793.88996816092,100690.03152086075
4042,267047.0533957881,134726.415459065,98108.15549866724
4043,259883.03438145568,141396.01609720712,99283.15975634025
4044,253350.1276118082,117800.10421505301,76190.40941220637
4045,246594.83447924868,129239.543527263,71418.3254537103
4046,238870.0968594044,113109.15210134347,71816.26022897556
4047,266342.20246079593,110062.75354031977,61698.690234239
4048,305906.35432128,121032.91165118005,66787.24200613498
4049,326778.72970120923,128771.0330951947,67990.44636599216
4050,333735.69998607336,113695.53996589291,66727.70845707956
4051,344981.000630796,128555.30147569322,66787.24200613501
4052,347208.36841348925,136524.9888211844,71788.06012679142
4053,292648.6261503452,124898.65471410683,70443.85525601344
4054,230232.257533897,129148.54248450483,62253.29224386068
4055,190552.9575065522,81162.08910285788,50334.04905402545
4056,181266.0712006497,59878.43479711883,44838.162472802804
4057,179461.2255451432,52411.75818696235,39126.07510816833
4058,175621.4988760663,57623.90113753351,38214.27180421404
4059,181264.2536448498,65330.85669321632,46201.16741170353
4060,202691.05101594687,106227.4726198592,49375.24557976426
4061,232898.17164939473,134296.76185228772,72618.39646888035
4062,257706.56357443772,142243.81203910356,75685.94091757873
4063,269432.7434429916,125128.96392653779,81059.62705600337
4064,273065.4567460567,128309.72768032129,82306.69824148032
4065,260259.8618116955,148896.5060206184,97537.88676560996
4066,255938.74251766075,151527.87883535607,79261.0872055919
4067,253752.498822498,129993.62397806268,64844.56830011557
4068,247670.15326802083,101114.55783633173,55328.600485307616
4069,256009.36435607835,77614.72402068037,44540.494727525635
4070,285617.28557837324,86963.85379778914,30697.37789979378
4071,347754.14525268105,100579.00723264193,53558.26073708024
4072,409235.0725684211,109308.74011293596,47796.039857451724
4073,462971.28009418526,106072.41394748127,53166.59265118922
4074,514343.3705339231,101301.85477169386,55350.5338981175
4075,519042.63526526745,112147.43310849647,47445.10525249337
4076,511374.56333778636,107955.52059273733,47175.637609400335
4077,415729.9348967059,104053.93675822888,46119.70044983819
4078,322555.34049658396,72255.74952201669,30888.511925708604
4079,276822.1704367237,52017.86157249706,26407.82902311545
4080,250699.48635594067,41212.413505885255,18207.86597690126
4081,222522.61102885543,38176.62140040671,18834.534914326876
4082,213071.00197250035,40374.58729708431,19978.205725128624
4083,210723.63900517425,42406.2680992429,18602.6674074794
4084,230878.97407417698,70430.35003773632,33476.6546372764
4085,253967.65990019942,102375.9050093672,48215.908045526885
4086,289722.2124206787,112140.49618496453,44903.96271123249
4087,279754.1050728084,102942.00153479296,50788.38403365904
4088,265363.70665292063,103897.31979143423,54726.99830537901
4089,277052.49643654743,116138.12457426774,67097.44313016065
4090,299192.0795009937,98618.87392681517,63675.830731816815
4091,300327.5829203586,93199.1762134662,54100.32936795339
4092,277190.940418004,84531.07136397036,46937.50341317863
4093,271279.69645871496,95087.87931393884,46514.50188041634
4094,280308.75561510294,89961.77767335913,34513.79172871578
4095,340526.4282182295,103626.81328539689,45524.36495928383
4096,388135.61405670847,105759.06272291444,51697.05399292614
4097,448251.3803172962,96519.53298643933,45919.16638986199
4098,483593.687819742,116847.76850041345,50863.5843061501
4099,482136.32054684835,108367.11138896513,43841.758862296076
4100,458758.9004204689,112528.79634421317,51120.51857049459
4101,359968.5957831324,119838.70518488968,46711.90259570538
4102,275908.73948784714,82867.7177431618,32195.116660241016
4103,235088.92421583037,66734.41079865633,22466.081406708323
4104,218486.7505071016,48723.392593864046,19129.069314916916
4105,200116.20218767034,39436.77890781226,19746.338218281147
4106,190182.58684914748,36943.440817847535,21808.07902241142
4107,189208.22438692886,54524.13518170494,26708.630113079744
4108,213219.0566524402,77996.32183835226,45555.698406155134
4109,247261.08389333452,120122.83420018175,54755.19840756317
4110,290347.8787052094,108913.53654186321,66602.37466959444
4111,279874.32056800125,108328.62319246073,71258.52487466676
4112,280577.0778749086,112579.33199970183,76553.87739591322
4113,280124.4898739653,121047.69031435667,70728.9896225421
4114,280757.5261138687,121936.30351645545,73332.79905754556
4115,272447.40987907443,105204.10884036006,73492.5996365891
4116,256882.12580077336,90651.64969185342,66592.97463553306
4117,244997.44630538128,86084.99250268462,59054.14731830288
4118,256029.6743921783,97037.32238495072,56628.93853046576
4119,306662.13191513525,102370.07397219543,43252.690061116
4120,332582.8326533076,109987.16788318797,42845.35525178934
4121,366462.96502734366,103504.31123722797,56697.8721135826
4122,411520.81575482286,97179.39527052385,50515.78304587885
4123,429310.0545483894,108892.6922595596,49751.24694221962
4124,414470.60046056594,104762.96071777873,66486.4409161707
4125,334053.4106183028,103544.30746058714,45784.43256831548
4126,273123.22762163717,75234.23660701406,38615.33992416644
4127,235042.92120386419,63364.238871914014,32859.38573391216
4128,204629.10653406184,39663.200762128654,26667.89663214708
4129,197521.67844696803,39559.43175866668,22331.34758516182
4130,197202.33361140316,42075.524298284494,21704.678647736193
4131,202053.31138363935,48006.3760919839,22600.815228254833
4132,206809.285465721,81387.63965276926,37396.46884087361
4133,240465.16071864916,104667.97178178225,63610.03049338711
4134,294533.16839532484,124009.23723101892,54570.33107102261
4135,305761.35659380024,111941.72148965219,55547.93461340658
4136,279664.2491795248,102353.97159655728,56647.73859858851
4137,293994.3470611625,117274.9589966612,65853.5052893708
4138,285190.95054707845,111136.30110237481,66965.84265330131
4139,267069.34668973385,102349.68209794821,49456.71254162958
4140,255967.55287791195,93707.71638060162,52104.3888022528
4141,258458.63324382508,88445.13830966549,42409.82034027855
4142,262516.5284328637,95485.96489188957,46031.96679859862
4143,305201.22788649565,104613.41472134755,42171.6861440568
4144,363403.41672373866,98945.11040306314,45010.496430594845
4145,403622.3189656347,122270.23092966275,56293.67064894305
4146,451771.192379201,103740.93740659487,45019.896464656216
4147,418127.285736011,109762.77348719865,52900.25835278336
4148,424686.02777092444,105131.05331717352,48861.37705107524
4149,352206.92541477707,99167.09195608503,51393.11955827474
4150,262309.26684630115,77349.21075911765,38201.73842546553
4151,229297.2045637153,59390.26974837668,26617.763117153034
4152,206978.51154795065,50841.500090654736,19235.603034279273
4153,201869.80712053512,35813.224957761086,21598.14492837384
4154,195200.17402770443,43600.12269260051,20645.608143486905
4155,191767.3974041048,45297.524208618954,23240.01754442895
4156,197652.53563410422,44421.98057259488,28350.502729134852
4157,211540.49475331226,88409.0294444208,38643.54002635059
4158,243905.40906917176,94881.34665825144,36130.59758727388
4159,308954.5271860968,119255.55120015095,49428.512439445425
4160,307368.39323438745,99661.90907884217,66618.04139303007
4161,284149.9781248467,124179.29239267486,57412.274702247785
4162,279008.27692621195,104414.0368152934,65565.23757815504
4163,313562.158384823,123843.25374187087,70556.65566475005
4164,290520.69804633857,116135.12527641219,63243.42916499311
4165,290117.21685762214,97608.41215485118,40141.27878679781
4166,317677.94640628836,104248.22088468466,43152.4230311279
4167,414946.94548689487,95134.87948424574,48385.1086586318
4168,441804.08393606835,126320.45594448954,40128.745408049304
4169,486668.15273427806,113466.93985056409,49654.11325691867
4170,584691.7161089674,106855.96794536454,49381.512269138526
4171,580895.6833282739,128474.085851637,45687.29888301451
4172,533702.0498268666,97498.40997372285,53254.32630242882
4173,434260.4548943582,91432.43897383624,42168.55279936968
4174,337890.9384341265,74481.12799574315,38480.606102619946
4175,282308.03281556,48190.338612411644,23659.885732504117
4176,246739.37498898368,39280.19545272558,14563.786105771305
4177,227211.57736394665,47922.4292637352,19752.604907655408
4178,216579.72303833,31331.151319290784,19182.3361745981
4179,209903.8349313681,35361.98981110676,17881.998129439944
4180,208981.17336044743,40530.03135410299,26530.02946591343
4181,215116.05857182242,50064.681946056095,32003.982634326192
4182,247339.61543887976,83402.43055415449,41206.615980421375
4183,301442.48463295115,104821.08677510305,56610.138462342984
4184,314567.1500452051,123406.26107106703,59721.54973666118
4185,298542.3440681472,98433.92281100489,57192.94057414883
4186,294244.37827763485,103432.7134733343,66715.17507833106
4187,284076.4750322633,117214.77196930214,53238.659578993174
4188,300254.1981440354,91057.94563823564,60617.68631717978
4189,284565.8633396336,100206.10570316584,45248.630626816586
4190,276035.3710799301,106344.16038671035,42666.75460462304
4191,321200.7561023311,115022.5533305265,47501.505456861654
4192,358479.229178247,111780.5134188775,48754.84333171291
4193,367852.68377722474,121466.67044217294,54122.2627807633
4194,397856.2635716016,105318.90319571577,52865.791561224956
4195,415619.1528855167,95798.528591321,55795.4688436897
4196,443069.102089121,99929.8016716645,49262.445171027655
4197,348836.2720383973,90879.59632887857,49133.97803885539
4198,264897.23678540887,75388.87638304348,48294.241662705055
4199,220412.88637766067,66061.76379801425,25878.2937709908
4200,199522.6286885015,50844.382097532725,25279.82493574934
4201,190551.14854761542,43578.75897882462,23177.350650686392
4202,187241.2858430974,38923.245496202115,25483.492340412668
4203,196369.1121097715,57351.09907950611,30399.71015451662
4204,196973.9569391709,74018.93452061081,41711.084475048985
4205,237614.25008550662,106178.14338585435,59605.61598323744
4206,291607.8959154795,108859.73349485591,61469.956072078654
4207,265015.7594104076,108371.36737586645,61288.22208022521
4208,272340.2588241865,99557.18499170546,68877.18291244941
4209,273335.1785348648,125942.74548493212,75714.14101976287
4210,282187.16759891575,109065.61267223957,65107.76925383434
4211,283522.78946583223,94046.15111851932,59900.15038382748
4212,266220.6835129538,82766.57940876867,46821.56965975488
4213,280136.0424680137,83100.65762466156,43478.290878589236
4214,320303.371172709,89706.35143586941,33946.65634034561
4215,381687.5487929061,106465.60681608091,40883.88147764717
4216,440884.29840236413,110766.51616173187,48494.77572268127
4217,493280.7842201546,100329.2779854925,35676.26260764029
4218,594303.7081760536,106276.95265654956,45850.23280674519
4219,588157.6574664514,84134.42678945858,50080.24813436809
4220,578669.3418469205,101875.54169895528,47282.171328762684
4221,480783.05244472064,101775.10711042781,43622.4247341971
4222,362693.73959474114,85545.97343722887,41905.35184565092
4223,302726.4657258283,64461.91486364534,25239.091454816666
4224,273371.0470787594,41933.30061002597,16854.26107206193
4225,244703.62124549667,35782.779571148734,15021.254430092007
4226,235723.29933741028,36888.582152041876,22603.948572941958
4227,227582.90146298974,50411.36056411324,23992.020269339697
4228,227955.4615541382,76120.80559493182,33667.788663191204
4229,268158.53516472917,110858.07014767017,43077.222758636824
4230,286299.13127347856,117211.45431022154,57186.67388477457
4231,287254.1794524924,103453.87611686283,42682.42132805869
4232,297349.1992099878,106588.09210839595,56196.53696364209
4233,288542.02112473635,121344.95591913933,49582.04632911472
4234,285533.74164507905,94039.2309508414,51565.453516066795
4235,307490.50864041713,90761.08217394777,43587.957942638684
4236,329602.2069852032,74904.06250508963,42641.68784712603
4237,321099.21768543875,68896.8877966851,38273.805353269476
4238,381724.4717698442,82366.43286078308,30753.778104162095
4239,470414.1519518587,86641.37063282411,44553.02810627415
4240,580218.5531103129,99801.18373680684,42983.22241802299
4241,662691.7401421632,105988.13200215365,48635.77623360203
4242,694896.8019962324,120579.46473180529,45981.833283604545
4243,676120.9492837498,111302.53592933202,51048.45164269066
4244,619328.1894080047,100218.72286118401,45681.03219364027
4245,509843.18407165,89908.41027855434,49168.4448304138
4246,382556.8882398652,85712.2920434558,38452.40600043579
4247,335186.3571746402,57970.27815021966,27592.23331484986
4248,286988.47896828013,44881.1412381637,19727.53815015838
4249,255204.13461263475,34318.368204191866,17587.463728849903
4250,243657.57812114083,39256.921571600345,15882.92421905223
4251,234704.16015789012,45054.195697675255,16490.793088355076
4252,241698.65160411128,61666.43521540095,33730.45555693376
4253,284032.2285111027,109224.25709736109,40695.88079641951
4254,309015.0642535778,96743.25714827108,52743.59111842694
4255,294172.48829502903,98741.97918572603,48804.97684670695
4256,280272.58564381074,92066.61453382779,49726.180184722594
4257,281742.05937121174,101966.59300927536,55726.53526057287
4258,284460.35690317315,107841.9996822812,55212.666731883866
4259,291100.72768869746,97589.02563184049,42080.81914813009
4260,301095.178804623,79297.39714108384,37550.002730542896
4261,350170.6168296072,79144.78482338139,36700.86632033119
4262,410778.9642572731,72815.96474270885,36798.00000563216
4263,508197.8536941246,89531.38680900849,37894.670646126986
4264,612203.6403861884,118756.37755536899,38201.73842546553
4265,657171.7757125576,115288.53575599959,51791.05433354
4266,712101.5387388862,104992.1975555573,53301.32647273573
4267,653053.0658381025,102642.02148167185,51872.52129540535
4268,589772.5536163142,117281.29270945111,48833.17694889109
4269,494244.41721458954,96064.67857533357,36597.46594565597
4270,404309.7986972458,77095.52713043787,35196.86087050972
4271,332316.81934128667,51417.91822210873,29378.239786512862
4272,285909.2188603503,46151.25172281073,18684.134369344723
4273,250394.41232603983,34097.928189732746,15322.055520056301
4274,233602.1940171083,44572.09626806003,16258.925581507598
4275,231205.10743788566,46117.086536623254,22500.548198266722
4276,243013.9933553528,70332.68016510922,30872.845202272965
4277,262273.6559441565,95573.24613507268,46802.7695916321
4278,286883.63307969325,111658.41351120324,44051.692956333645
4279,289762.2064687387,93611.99018703184,51321.052630470804
4280,275191.48130507726,79306.31125538098,59210.8145526593
4281,280194.125154893,99861.73939295279,67445.24439043186
4282,290793.7469650934,101619.99817048806,56481.671330170735
4283,297373.35672184353,100599.08074566431,46962.57017067564
4284,270046.3976588501,77819.69838195112,43888.759032603004
4285,292010.3153261226,63005.47928316481,41015.48195450656
4286,334416.6712677989,90864.06365227442,41212.882669795625
4287,408780.0780079373,103850.7887850377,39539.67660686921
4288,517330.19421204727,114608.43240035341,46790.23621288361
4289,582501.3953865861,135057.61166807992,52696.590948120036
4290,649577.5941657118,107212.26442358433,50844.78423802733
4291,633199.2321328837,101568.79228084174,51020.2515405065
4292,612555.8203881194,121542.2393434508,54473.197385721665
4293,497024.092388013,97009.4238881376,35156.12738957705
4294,382280.3205642979,74848.46658171059,34413.524698727684
4295,328752.0087890669,51820.795974286855,23963.82016715554
4296,286577.3554889025,44738.548921118454,14723.586684814834
4297,256512.95611804427,48826.608654145915,16876.194484871827
4298,241470.21244978157,30513.16404155699,17994.79853817655
4299,233297.70226617676,43601.36262579221,20247.673368221644
4300,234117.19853800445,71712.18962014267,29992.37534518996
4301,259811.58671097847,90708.58608354787,52718.52436092992
4302,300386.03564075043,98910.27498271804,53088.25903401103
4303,315705.7215355377,94201.10925577371,51509.05331169849
4304,300433.42139984,101262.78012030142,47313.50477563399
4305,298547.2212281537,104205.34265444748,49804.513801900815
4306,288123.51418768865,99870.15083163156,43641.22480231988
4307,293974.0832606625,97072.37563139715,42243.753071860745
4308,304339.79868181737,67109.87597378553,36111.797519151114
4309,335564.0864441727,67789.42638625171,34927.39322741671
4310,402148.8934210634,81854.4577435895,28745.30415971299
4311,489842.4644418374,95885.70929938056,34855.32629961274
4312,583375.0070414508,108386.84978490874,47009.57034098255
4313,654279.6097693696,126733.63854684195,48607.57613141788
4314,682554.1873783068,96195.7261090129,53335.79326429416
4315,677024.4504509676,105829.77242654916,50352.849122148225
4316,647733.881422463,107574.25789214409,40814.94789453035
4317,521090.00120733684,99812.59447334125,44737.8954428147
4318,420877.6635998284,72201.71189305415,33445.321190405106
4319,350690.21180189564,51927.37996121104,23218.084131619056
4320,308258.8025640509,47338.43748629949,20332.2736747741
4321,273919.1308695587,35303.16000791691,15654.190056891879
4322,257210.20944002547,33332.302955567284,17618.79717572118
4323,243001.58275258148,37152.35280479467,19956.272312318728
4324,237994.96814448776,52192.30676788579,24546.622278961364
4325,253404.57189284542,61431.68570167547,28297.235869453667
4326,273377.0766165007,85028.53591165021,36447.06540067381
4327,290717.4826587315,101321.50938836767,54303.996772616745
4328,317201.207170951,103976.17284008463,59461.482127629555
4329,315525.43988378026,93900.76057386579,58336.61138495057
4330,325300.8911415199,95875.99090409429,53705.52793737524
4331,342574.66118196707,114582.69540869861,46135.36717327383
4332,367793.3347965712,108968.86437157927,47733.37296370915
4333,397412.19615060766,109606.19003211198,33956.056374406995
4334,445813.39656410326,88203.25080216078,37631.46969240822
4335,538048.7591531638,87630.43517930433,37039.26754654103
4336,615222.9085967905,91350.8212092855,36757.26652469949
4337,700641.8112946949,111568.30052870387,48294.241662705084
4338,691226.4219128522,100975.85287740103,47871.240129942766
4339,653506.2238332378,107990.43979235216,44985.42967309782
4340,600630.9434992335,103886.6798241812,45925.43307923623
4341,487430.8199368212,87993.73560447179,39389.27606188707
4342,378370.43963903334,78153.6760627203,37048.66758060241
4343,330440.23485630535,65722.39073227582,22970.549901335948
4344,293751.845507803,44766.732267448686,18627.734164976424
4345,267200.23261128727,37033.57055620079,18853.334982449647
4346,260708.92852002493,28520.758961038136,16694.4604930184
4347,249919.14568650135,38540.7428624173,18157.732461907213
4348,247104.1592510785,41967.63335475283,19398.536958009936
4349,260338.120902472,49597.863855235846,25138.82442482857
4350,284943.1812386846,83150.9084306332,28707.704023467457
4351,316825.17793368356,86238.52639235389,35225.06097269386
4352,333377.14046021336,88887.12422494392,41037.415367316455
4353,369005.21033117955,91330.17799722911,41435.35014258169
4354,361073.8686257659,99421.91498283281,43788.49200261492
4355,337504.8414773118,119033.51937956749,46053.9002114085
4356,328586.52988388477,106016.21481336022,50916.85116583127
4357,332670.36475457053,102750.73346204666,48059.240811170464
4358,362845.90380087454,96417.70766203463,35303.394589872056
4359,417898.8971000341,109819.32449425235,37954.20419518242
4360,506805.61314230587,115867.43375383699,46987.636928172666
4361,543868.5202652505,111863.05275539514,43365.49046985261
4362,596904.6686223374,118276.60718945172,49556.97957161767
4363,546577.3616154281,96764.18520984442,50299.582262467025
4364,523565.5404783524,106089.84003558071,46498.83515698067
4365,421068.1944255633,98278.84738277292,46586.56880822026
4366,334491.1751288954,73324.45464228254,36030.33055728578
4367,285283.9574121628,56994.51775176935,28181.302116029947
4368,255532.05226412116,45657.171857627036,23675.55245593976
4369,241384.74700257255,38573.73513882881,20376.14050039389
4370,236310.8327479859,33873.600817159124,16174.325274955138
4371,232036.58229934785,50896.61009426954,19909.272142011807
4372,233821.8588142165,55307.10272470026,28128.035256348765
4373,271763.7134475184,91754.26866049766,39492.676436562295
4374,293225.7054006473,96438.90381727107,47335.4381884439
4375,290615.2604902008,105533.09327665453,45367.69772492743
4376,297190.2406140943,97104.36255657216,42165.41945468254
4377,314247.8852072471,92087.92798004195,45912.89970048773
4378,301086.73478508234,107487.59661555693,52380.123134720074
4379,309792.9576562108,96847.7801651604,57380.9412553765
4380,276874.335226685,92298.04638847285,46758.90276601231
4381,301787.80173260317,73875.10227037389,45420.96458460863
4382,326143.2660284731,74665.17429544053,38020.00443361211
4383,381116.5692987326,81612.13458388227,40379.41298301955
4384,462377.14859013265,107340.34617111586,43042.755967078425
4385,511734.33634080546,119161.96975588576,41288.08294228668
4386,580618.9129808069,111649.09725641157,49876.58072970475
4387,602457.8889788905,107212.34820285394,49622.779810047374
4388,572952.865931072,104927.98912325209,45916.033045174874
4389,495681.0503816417,93130.97988792277,46934.370068491495
4390,365494.2761860688,75808.09109281492,38251.87194045959
4391,319433.7818195325,58053.87310553562,28077.901741354708
4392,289725.7327271496,45404.87896482445,15820.257325309669
4393,261608.88529529926,41660.180190773615,22331.3475851618
4394,250709.75614008307,32862.385031767786,14356.985356420853
4395,240135.3151519203,47029.476295465516,16142.991828083861
4396,245327.3520659664,46799.20059474252,32843.719010476525
4397,273559.34521676705,83021.00029502194,40489.08004706904
4398,311179.2599401137,103889.86343643013,28607.436993479354
4399,291609.8438526568,97672.92219252733,50575.31659493432
4400,301867.9575685536,82487.12527672629,40413.87977457797
4401,299217.6765782972,107947.6453413847,45370.83106961456
4402,293398.18925197294,92920.69392095238,46016.30007516295
4403,296668.6988334517,93106.4828294598,36378.131817557
4404,308880.1473405687,80585.11802822376,36071.06403821845
4405,332170.4118749394,81615.65331321009,32257.783553983576
4406,390382.29425036727,70038.64844013746,32759.118703924065
4407,496083.20832754765,89059.79329981477,33749.25562505655
4408,563745.5676523157,90049.22647508176,34310.124324052456
4409,618885.4536010406,113378.67001199836,46809.036281006374
4410,670177.2725388465,90305.30619087523,47247.7045372043
4411,644013.1484160344,89392.83265276325,44136.29326288611
4412,595660.0980688746,103882.89300119026,48945.97735762771
4413,493245.35880278685,105990.54484512127,47385.571703437934
4414,406820.0757751338,83038.64420922274,42986.35576271012
4415,338812.47698583786,59554.76196652392,24747.15633893756
4416,299409.6652669299,37795.72732860031,12492.645267579644
4417,274196.939139835,36087.95393899185,16988.99489360844
4418,258291.9717457603,38607.79978989263,20028.33924012267
4419,255012.5319895786,36363.11857242511,17111.195336406436
4420,251354.7032723891,56289.64924399704,31192.446360360016
4421,285695.6807203172,103802.64921666261,47655.03934653096
4422,320873.4837348877,114103.54500937715,41620.21747912227
4423,319838.02091773326,111715.56772899891,44271.02708443263
4424,320865.5233173845,107111.19311260688,42344.020101848866
4425,305654.06532450154,112202.64364723481,42362.82016997162
4426,320044.4869792686,103529.86391448924,40648.88062611256
4427,309306.4051359278,101066.45177966463,38026.271122986356
4428,312944.552667251,87701.02759196133,33946.6563403456
4429,359577.35481127416,69153.25236199556,34554.52520964846
4430,436431.39425723936,69356.09872981573,29362.573063077227
4431,502543.0412693605,74433.97702275073,36854.40021000047
4432,588372.5621021728,103017.50341265497,42444.28713183696
4433,654905.2265494126,107717.25234968406,53561.394081767365
4434,713331.064472162,117987.01576577454,42478.753923395365
4435,663491.2858827749,105642.14037410825,57434.20811505769
4436,627442.7268530766,99564.23920621499,43750.89186636935
4437,501327.29156152956,93452.6755277526,49575.77963974048
4438,395250.35094439355,91736.4236760496,35992.73042104024
4439,336770.5382890263,51960.82464567899,26182.22820564222
4440,297272.68251864513,39496.0276073507,16741.46066332532
4441,261226.16178646596,39086.21293164064,17324.26277513115
4442,234737.55589966872,35410.31369387512,16271.458960256105
4443,219337.45082014354,51829.37497150508,19088.335833984253
4444,221253.69518078608,60670.65157149005,22381.481100155866
4445,266718.5931951575,80257.4573043907,44271.027084432644
4446,293836.9534840323,103405.43494311697,43675.691593878284
4447,287730.55414906814,97059.13850678311,45834.56608330953
4448,273799.5967957463,93331.36314521347,39477.00971312669
4449,273261.29907782,108035.3622367703,49105.77793667125
4450,288146.0894171612,99207.0714235903,47169.370920026115
4451,286817.80384106975,98699.67065452285,44932.16281341666
4452,301652.9595564048,92879.15615903055,36077.3307275927
4453,342849.7511466727,100387.26999598533,33836.98927629611
4454,392246.791199666,118764.93979673325,32000.849289639078
4455,477588.66324549867,108879.57242592309,28012.101502925016
4456,563750.985753747,97244.79336845884,33924.72292753571
4457,621789.9750879724,110122.13628668973,41209.74932510848
4458,644308.6642443929,96350.31561748043,51421.31966045887
4459,643385.8926165754,98675.3746663071,52336.25630910026
4460,627627.5427961537,118230.07618305513,47843.040027758616
4461,498667.17819594214,92134.72708010154,51148.71867267874
4462,398711.2274134452,80881.71339884869,36428.26533255105
4463,335201.37025831896,60699.57217539373,28322.30262695071
4464,298143.6639695193,38394.19616384177,22065.013286755926
4465,263000.45759488345,38775.12374735605,17928.99829974686
4466,250539.40300784245,39280.71488419777,17186.39560889751
4467,241849.8735799186,41823.08060279639,20824.2087906532
4468,246029.37820489038,71832.41287217551,22932.949765090405
4469,269429.05016037676,91364.41020683234,34776.992682434546
4470,301885.2958355313,113913.63416080015,42130.95266312415
4471,298347.81568926485,105882.93875110666,44703.428651256276
4472,292222.3888862196,89292.43157594361,42992.62245208437
4473,279818.04321838956,115386.27265204246,45380.23110367596
4474,297236.29102948535,116507.94302661858,42823.421838979455
4475,299054.75245008647,100267.81751323372,39276.475653150475
4476,333921.9892823181,79959.53822130438,39492.676436562295
4477,374439.6583066136,75879.26996035993,31405.513799084732
4478,440353.54676358553,71706.91152615096,32918.91928296759
4479,556346.9563817234,80882.88630862463,38909.87432475646
4480,632473.5109619496,118117.24226261066,42052.61904594594
4481,680125.0245551663,116806.41505288491,43769.69193449213
4482,724956.5399168902,92785.47417964159,41425.95010852031
4483,686204.5276726589,102909.57895741552,44211.49353537721
4484,691122.8308280394,116519.25322802928,60367.01874220954
4485,600290.4791640744,93263.75327455816,42105.8859056271
4486,459586.27648145077,78611.9654238842,41538.75051725693
4487,392642.60088407615,51382.07745052708,19928.07221013457
4488,342991.56647533993,41998.5646611295,21560.544792128316
4489,302885.133740657,36671.510064225076,19771.404975778172
4490,295429.54815535026,35919.289513213094,12821.646459728096
4491,277289.00320917915,31307.207204007846,19176.069485223838
4492,267881.2674927974,52170.33984336803,19113.402591481277
4493,278951.94554223504,61047.876111283156,26558.229568097588
4494,315752.8770003967,76779.21011972336,34880.393057109766
4495,332628.967059663,97601.81034839817,37415.26890899638
4496,343500.21618402016,102918.8952122072,47235.171158455785
4497,339381.22950996645,101724.78928104037,39984.61155244141
4498,354057.8851548759,92238.29501331621,50854.1842720887
4499,353587.3441779461,103461.80163577746,41090.68222699762
4500,388700.4143021061,95529.56362384623,42494.420646831
4501,438013.857082634,86501.69383436473,39354.80927032866
4502,507031.6427634317,72019.54224899822,41407.15004039755
4503,545175.2181249125,94289.19477994597,31831.648676534158
4504,604113.6401136444,123336.94210330966,46172.967309519365
4505,625661.7611948855,99932.23127048618,51744.054163233086
4506,652453.1947373124,96129.03781032424,54347.86359823651
4507,632453.717274573,105857.7379467781,40808.681205156085
4508,586049.7522779668,105362.5354393803,47103.57068159639
4509,471557.57629799005,101161.85961200959,46642.96901258857
4510,363331.83728908614,78800.15041950524,38699.9402307189
4511,319473.4736909061,52955.04999517326,29917.17507269889
4512,279974.08902477816,44004.910612128006,17458.99659667765
4513,260877.98754007768,31697.786159392643,19398.536958009932
4514,246930.71962495623,39712.84835735837,18220.39935564977
4515,234930.3198820675,38598.986210719224,17888.264818814194
4516,228977.53502621816,43273.40029658814,21090.543089059094
4517,238848.18073818364,70343.97361066604,30111.442443300843
4518,265609.0278376137,103716.8927561883,39417.47616407122
4519,290410.0519873109,118759.82926128106,48607.57613141789
4520,297678.83261768264,118486.34021324196,46461.23502073515
4521,293200.010036144,93763.36257154257,53210.45947680903
4522,291317.31188274565,98498.28204599555,47285.30467344983
4523,311383.37849502545,119946.91448964622,52267.32272598349
4524,315906.7879974912,97785.2031697917,51615.58703106083
4525,343286.2345447328,84683.95177533582,48707.843161405995
4526,392422.5615139976,87134.78026385009,36528.53236253914
4527,487679.8237120571,85440.91423301339,39746.477356219686
4528,575476.051515671,108676.99415176598,43124.22292894374
4529,613709.7707336916,115990.60603616358,52812.524701543756
4530,665438.3514095476,119930.77860230012,53251.192957741674
4531,648503.9201138088,111337.03623259833,53310.726506797124
4532,598779.448871263,107301.64014851008,48012.24064086354
4533,487730.0268776256,88012.78701040363,43907.55910072577
4534,374729.6770465602,75607.02084551261,36791.7333162579
4535,308949.8622980117,65504.346804930334,33921.589582848595
4536,272233.70824141795,43504.29596390702,17979.13181474091
4537,246864.2707638455,37363.124691529316,16935.728033927266
4538,232821.1277836842,40787.283979672364,20056.539342306827
4539,223460.97331445751,36667.35461244748,14272.385049868393
4540,224687.35419971638,59634.63712226474,28623.103716914997
4541,261071.91449209582,101281.22831549139,41776.88471347867
4542,298118.15544546413,105436.1774174548,47921.37364493684
4543,284444.14677089354,102025.90873222954,49657.2466016058
4544,283953.9364595488,123101.57262298829,50616.050075867
4545,290600.27529966226,119766.9901300185,53511.2605667733
4546,268624.7480915239,103937.11494454616,57205.473952897344
4547,266016.64782711165,91820.55481869163,46085.23365827981
4548,270600.07365391974,80021.19976381047,39467.60967906528
4549,268864.4712812468,67578.75503464066,33272.987232613064
4550,296833.32691671577,85887.50800812582,31935.049051209382
4551,376435.9318827447,91215.03176894067,34648.5255502623
4552,420037.8308111926,110741.48291594273,39567.876709053366
4553,471076.49801234365,125131.34325779747,43848.025551670326
4554,571589.597357998,112636.21812383445,44239.693637561344
4555,529066.4083011751,105637.41522329648,52126.32221506271
4556,503429.6702610532,98555.08439085852,47163.10423065186
4557,418200.96175199596,116884.3465295685,43183.75647799918
4558,329137.7228103313,76941.15544807144,33166.453513250715
4559,286691.71385774616,58967.45253000774,25831.293600683875
4560,245276.2598173286,45828.13183539586,19570.870915801977
4561,220892.28882257128,37257.26120632465,18217.266010962645
4562,212882.33397174152,45207.360958557794,19664.87125641582
4563,205141.28141868341,41842.08174116646,26771.2970068223
4564,209724.09387384861,63579.1829662802,40398.21305114233
4565,242610.9082245773,95287.13992901544,46317.10116512726
4566,283261.9207362714,108725.703419175,54705.064892569106
4567,287076.3871428228,103418.97367310201,65258.16979881648
4568,270920.0904437233,97444.32207719857,61676.75682142908
4569,283868.38085164037,103426.04464346552,63678.964076503915
4570,295612.97405924054,108790.53181807605,56939.13965449143
4571,302127.25205029483,150209.46122379467,59699.61632385127
4572,271960.5872059402,86027.0507597536,37869.60388862996
4573,296580.5003590527,71680.45403277678,33210.3203388705
4574,359947.67782934825,76432.3974548347,32151.249834621223
4575,452391.45031949476,85275.81880412422,32332.98382647464
4576,529074.5614759477,123626.28218917768,39113.54172941981
4577,577725.9380528741,125747.59005407126,48200.24132209121
4578,601937.447581956,112418.97847747816,51656.32051199351
4579,572739.3490977009,105763.80462958003,43365.49046985261
4580,528084.4302941016,101590.18950632536,45869.032874867924
4581,447513.9372818549,89177.18481253152,46567.76874009748
4582,349001.25986631965,63664.352971866654,34711.19244400486
4583,279751.14327875536,56382.041022632475,31505.780829072828
4584,246227.84602123135,46403.51110390546,19057.00238711297
4585,223586.35531359178,35987.40205948675,17853.79802725579
4586,214274.7389456899,43794.28952807882,16193.125343077903
4587,207040.00885110063,51414.93568010705,18975.53542524764
4588,212632.17661784674,66223.82641733992,28196.968839465575
4589,251974.77560616637,93174.31052621643,42983.22241802298
4590,312442.1440222268,111608.95023036681,48745.44329765153
4591,296095.1415856755,99154.79315929167,53116.4591361952
4592,283176.8435050218,97381.75571857962,46646.102357275704
4593,283994.62224384473,104826.6329627578,48353.77521176052
4594,289820.6792908782,91455.27720275908,48977.310804499
4595,288135.19211688486,100020.83622613073,45035.56318809187
4596,277993.51515499817,84276.60021015523,38286.33873201799
4597,341627.613179302,80177.81673060503,36688.33294158268
4598,404937.31427632284,71826.29698548676,29801.241319275166
4599,485346.3449313102,83660.73879852216,31333.446871280776
4600,563126.6827073642,98459.24090631102,37606.40293491121
4601,601755.7614990339,105125.84224659768,44640.76175751374
4602,621376.7952632761,109661.31679158067,42704.35474086857
4603,589741.6742608567,138695.8269903301,37703.536620212166
4604,537301.0311359398,126675.26115170842,37647.13641584387
4605,448913.1712971524,94608.05868045967,49795.11376783941
4606,371176.5434727599,83255.69954118559,33241.6537857418
4607,310395.4126829687,52300.18095556351,28356.769418509106
4608,283012.99859054666,39497.75346030672,21156.343327488783
4609,264713.878896595,31314.412221202852,14143.917917696148
4610,252681.08484674754,40099.35564023529,18179.665874717106
4611,246021.0288887225,38958.516568749714,17170.728885461867
4612,252556.23529489865,56352.71827823421,29907.775038637505
4613,297632.1652010215,99599.86215169539,35720.129433260096
4614,331432.562714115,114798.04164355942,42528.887438389414
4615,311600.5620608335,88496.61229297491,34435.45811153758
4616,292578.1315037697,96814.50303923189,35776.5296376284
4617,320667.9935926132,107939.485240515,42419.22037433993
4618,316128.2447408831,111350.42415989784,47012.70368566968
4619,309828.80474853417,91266.97491616046,39386.14271719994
4620,316293.5971174451,74889.85354094698,28735.904125651618
4621,359315.47525179747,82331.06125311185,28560.436823172433
4622,431843.4238728192,68367.92224359445,27545.233144542945
4623,552906.9786221641,87470.04814537284,32821.78559766662
4624,627193.9422662326,106045.80565142159,36666.39952877278
4625,688864.681770338,124936.69050255477,48773.64339983566
4626,698319.9320434651,91850.58130895543,44828.76243874139
4627,678053.9777143185,108283.65048048072,51133.05194924311
4628,653508.3205929054,109810.0585070225,49159.04479635242
4629,531804.7335824872,108074.98983134278,45223.56386931956
4630,416651.5345851513,87757.34401706,35801.59639512544
4631,351879.55591379286,49207.7708196154,27846.03423450724
4632,310774.55916285166,39092.93202907136,20874.342305647267
4633,261386.22286824847,38549.30510378157,16656.860356772864
4634,248822.14908807122,39858.825356899884,17615.663831034053
4635,220018.5390886608,41731.9790249145,18718.601160903137
4636,221312.1472831271,55141.57164360861,28698.30398940608
4637,246483.05972765616,91350.6033831842,35995.86376572737
4638,277070.9413509313,94085.25928161968,45098.23008183442
4639,282307.0268960726,88044.01992215126,45452.2980314799
4640,278015.79443400184,111495.52985503434,47069.10389003798
4641,272978.6571850876,100306.85865291826,52026.05518507459
4642,282490.01041417464,87329.16492542966,47545.37228248146
4643,289012.4915461396,87378.29308918721,36841.86683125195
4644,291387.6773119516,71784.35708307025,38079.53798266754
4645,337814.1021246525,75248.64664140403,39370.47599376432
4646,411414.4077238873,61005.014636899876,34103.323574702015
4647,500070.5184115759,92424.95522622851,35005.7268445949
4648,586701.2916198022,113283.12813282192,36215.19789382634
4649,634810.9137396341,117254.1984936272,43434.42405296943
4650,667462.5929628372,111407.44433086201,52884.5916293477
4651,618025.0006030482,88546.19286478884,58358.544797760456
4652,590934.9689301058,113677.12528241078,54172.39629575737
4653,496359.41063713626,102194.03697068221,39925.07800338598
4654,379562.27816840116,67945.22231620316,33504.854739460534
4655,308470.3603584356,49431.3274229077,30719.31131260368
4656,273905.23360483604,35966.6918240146,17869.46475069143
4657,256727.90831767302,43059.76315882943,16330.992509311542
4658,251665.9615200732,30717.585459647697,20401.207257890914
4659,235173.90135154864,43551.66476300065,16453.19295210954
4660,232411.99403349293,40834.837093159345,19940.605588883092
4661,231586.78121491434,45850.81926163317,26122.694656586787
4662,256021.52124979754,70201.38129362086,31884.91553621532
4663,293110.97367455205,87107.80333900372,41870.885054092505
4664,307080.14880099474,97939.27324678721,47163.10423065184
4665,300750.65017174714,93621.32319767746,45057.49660090179
4666,310592.13580851385,94431.18388624943,48300.50835207931
4667,331384.7848147192,99555.84452339014,46351.56795668567
4668,345863.2980181048,87439.01630387254,41310.01635509659
4669,394064.91918372305,134888.88021888534,31747.048369981694
4670,463610.1467671816,87528.69363416934,41526.21713850844
4671,531288.1161335318,92102.97473688169,39414.342819384095
4672,602677.9267054156,123613.5309843279,43794.758691989155
4673,655812.5503609289,96367.10498313024,52229.722589737925
4674,715038.4699555176,98298.56902286253,47764.706410580424
4675,661772.1955464148,103311.58540518858,52991.125348710084
4676,630273.4660726746,114648.64644981376,48682.776403908945
4677,555963.8976840322,105293.40078601627,49932.980934073035
4678,410744.0623591237,65288.74923226041,29948.50851957017
4679,345228.43736118294,62015.744502526926,23590.952149387296
4680,305447.0202521688,37584.90517430383,23487.551774712072
4681,262177.0904473203,34994.064770251374,20896.275718457156
4682,244120.90625835003,36671.426284955356,14046.784232395177
4683,226182.31119460592,32988.6403912197,13385.64850341115
4684,218635.18793220507,41641.64821631391,24740.8896495633
4685,235732.10214499742,57095.05287542047,27491.966284861763
4686,276283.9333873758,70356.54050112245,30976.245576948186
4687,297951.7924488073,108840.33021599129,41288.08294228671
4688,305174.65011782164,108043.72340788732,51330.452664532175
4689,330075.50904587633,103558.19806350495,52474.12347533393
4690,311052.6943485169,107834.42603629953,57995.07681405359
4691,352506.2920234795,131730.31797157475,51333.58600921931
4692,335930.6046851639,104890.53978969203,52875.19159528633
4693,383666.7012021579,90407.39960894293,47670.70606996658
4694,464249.8246611807,91137.11704811097,31828.515331847026
4695,555346.8881370862,105410.92634556434,38117.13811891308
4696,646964.73938415,108780.07616521641,31277.046666912483
4697,699027.4965799002,117980.3636917596,39862.41110964343
4698,720100.5044196193,97016.7126846022,47777.23978932896
4699,698813.3366071909,125036.82348571149,48250.374837085285
4700,654101.8078209775,98906.22006606412,51972.788325393434
4701,529527.7736356922,88701.18451375104,45173.430354325516
4702,427325.4219482502,67299.5019728456,35184.32749176119
4703,357962.05095663416,58964.72132581519,30111.44244330084
4704,322038.4957159065,44956.69338358757,21369.4107662135
4705,294744.4840596927,37974.478778452096,18424.0667603131
4706,279553.68364931067,39480.4949307466,21701.545303049075
4707,275747.0154463669,42405.078433612995,12805.979736292455
4708,281297.70127554657,60068.69751862867,32257.78355398356
4709,313170.2048638741,88543.05952010177,33448.45453509224
4710,335410.5949370511,129419.85327153135,40861.94806483729
4711,337549.4580483197,99906.34347614594,42381.6202380944
4712,327468.6628629373,73706.48811215689,45508.69823584822
4713,314959.3161090493,79193.62813762194,46903.0366216202
4714,334565.64931218047,81792.360548881,46194.90072232927
4715,377044.46315691964,80756.46339063329,34971.26005303648
4716,373069.7716163856,77318.21242932515,32868.785767973546
4717,421786.4049938724,76150.99964373511,37242.93495120434
4718,486834.86216504546,79655.82161275424,30098.909064552314
4719,555258.8970934609,77891.73179804719,38107.738084851706
4720,634967.0335190488,95988.05405525738,39154.27521035246
4721,701272.2006909788,103611.49843489399,45909.7663558006
4722,763293.4401626098,116022.1070415743,48441.5088630001
4723,737833.3078053751,97699.44670931736,50543.98314806303
4724,708032.7424563564,103628.58940591465,53088.25903401102
4725,591157.094893293,96514.65703294221,47410.63846093494
4726,484575.0012978711,75305.73383578398,30227.37619672457
4727,405158.5991467009,64548.29129071562,26859.030658061885
4728,367709.1472595768,58656.14551962188,22137.080214559872
4729,336908.4237648239,35787.72254806159,20620.541385989887
4730,326039.32124029635,31888.95369701535,11408.508005833333
4731,312943.7353399526,46343.927287288214,19809.005112023708
4732,310351.9167467341,64655.22715057256,20153.673027607805
4733,338774.0117250276,90693.50581500016,32226.450107112283
4734,360653.90520951996,90586.33537318809,38320.80552357641
4735,358712.68301441084,88571.04179618464,42563.35422994782
4736,338113.33351181436,94862.16120548805,37152.06795527762
4737,332768.6064440547,95967.89676296536,51286.58583891238
4738,340874.88435982645,89976.85794190675,41870.88505409249
4739,364771.9010972959,78603.88910228414,36500.332260355004
4740,381918.1222453984,61594.66989296792,29644.574084918753
4741,461885.2158966889,73987.88592325654,33131.986721692294
4742,557893.5703749814,71061.44252060259,33163.320168563594
4743,664818.0864601217,80821.61015075918,39354.809270328675
4744,733767.0293707441,95819.33936191688,39464.47633437814
4745,784258.2068089014,115166.38558076334,51042.18495331641
4746,793815.4375263012,104089.82779737224,38646.67337103772
4747,773145.0474865912,101920.76574874438,36816.80007375492
4748,719630.7387912497,112024.78025764196,54833.532024741384
4749,627396.5508069365,123506.32703080788,40861.948064837256
4750,481551.5391664361,69472.35084446435,39571.010053740494
4751,411432.63551803346,55229.12098045482,27491.966284861766
4752,373400.5314720298,46833.76792142458,13636.316078381395
4753,345592.66173133766,36877.20492721533,21134.40991467889
4754,327880.8213503592,34333.33118176197,14335.051943610957
4755,315548.13827073853,43076.602792040976,16757.12738676096
4756,317778.1282652474,75166.66024806649,23146.017203815114
4757,343614.78514696547,93373.75545568638,33558.12159914173
4758,374805.45836822665,104857.8323627975,37202.201470271684
4759,391456.37624874595,85327.9127540295,45721.765674572925
4760,361000.43296003254,85340.52991204774,38768.87381383571
4761,355502.50888602855,89966.65362685622,46185.50068826789
4762,355251.64626631973,90812.00321407702,54357.26363229787
4763,356220.72533491906,86131.42297395751,42074.55245875584
4764,370261.95617259754,73066.88365548821,38255.00528514672
4765,418654.4856642519,67205.09949173719,36324.86495787583
4766,487624.7877626089,61860.80312112652,27354.099118628128
4767,610899.1499181712,88658.65815644666,38342.7389363863
4768,712700.2661100382,95175.14380126812,40971.615128886755
4769,765886.3075365269,93284.7316036933,41451.01686601736
4770,805504.0454213638,84562.32103157192,49776.31369971665
4771,771347.9176992355,84067.93956101728,45912.89970048772
4772,725342.8029681945,99055.36392200057,48992.97752793462
4773,623772.0668143663,102110.84415586092,39019.54138880595
4774,504545.0033575315,74048.55887038006,28024.634881673544
4775,441584.7596270931,59929.54015164156,26533.162810600563
4776,394403.27437781397,44953.007095720335,15362.789000988965
4777,355458.40880380885,35923.562255968245,21228.41025529273
4778,335279.72564500483,38428.66295540019,12414.311650401443
4779,311350.24121170084,45685.94165884524,18348.866487822026
4780,300436.53270038,65400.594557322336,21150.07663811453
4781,325949.58817673055,72261.34597723321,36042.863936034286
4782,352737.7944249458,76017.95816343674,35328.46134736909
4783,338963.7750279615,90814.73441826961,48306.775041453606
4784,336385.55165874166,96596.9282757968,39267.07561908908
4785,346129.73161810945,83810.78747057157,37697.269930837916
4786,338084.02108182124,79863.24232870055,50619.18342055411
4787,360726.6534613572,98495.61786521884,39154.275210352454
4788,366095.9862740579,75098.9163305796,41645.28423661929
4789,432836.12964765285,77854.60082571201,37271.1350533885
4790,502507.7535310046,85799.62355420075,31599.781169686677
4791,603405.3584917893,89126.79995972832,35434.99506673145
4792,673153.2932757068,107940.25600979631,40379.41298301955
4793,730298.0162473072,110054.91180067492,49826.44721471071
4794,774068.6154634639,97652.58058584193,48610.709476105
4795,747945.1850795721,89915.34720208617,38490.00613668131
4796,699208.7313740304,92017.75446373338,47792.90651276458
4797,605903.3076409909,102669.93673433902,54216.26312137713
4798,476364.8513202112,81030.32106745911,35566.595543590825
4799,397539.0448256677,55451.25333616208,22296.880793603406
4800,360813.1109417033,36229.00471747446,23183.617340060653
4801,326972.96101782663,37020.165873047314,16371.725990244204
4802,309283.0401006938,32534.891866474096,15234.321868816714
4803,289928.3839889732,40367.264988911724,20858.675582211614
4804,286351.9715396532,53479.37417672199,23099.017033508193
4805,313527.4724321465,87953.03563524697,30393.443465142365
4806,340890.65899585816,94091.49245928603,42181.08617811819
4807,358109.5383729635,92597.37296329028,35908.13011448779
4808,327427.9149110796,97618.70024917148,36631.93273721436
4809,330714.24744835676,86570.64417333552,41037.415367316426
4810,350774.56503537425,98532.04509168843,41686.017717551964
4811,358988.1426470585,95103.14389687985,43190.02316737344
4812,366593.88765460986,68719.09143050794,35344.12807080472
4813,416352.36230357224,71446.49204418658,29588.173880550443
4814,533884.2346495065,81662.21783131454,42328.3533784132
4815,617279.4165018618,90242.03608639073,38508.80620480409
4816,663982.7323356168,109122.61608734976,41516.81710444703
4817,726647.0651971739,115191.75394363128,47871.24012994277
4818,782373.3742483332,113339.76291914535,48877.04377451089
4819,742221.6018022862,117178.61283649551,44271.02708443264
4820,688359.6510384672,95186.16915316175,40680.21407298385
4821,579558.4840081278,105989.45571461505,43616.15804482285
4822,463259.721392262,68279.81996356817,36907.667069681636
4823,395875.11810099287,57565.858859478925,21820.612401159942
4824,355480.77027802827,41932.07743268822,14855.187161674221
4825,323808.9429518095,32537.338221149614,15519.456235345368
4826,297915.2566332377,33211.34244596098,16522.126535226354
4827,281244.25562280277,39447.78750385207,16907.527931743105
4828,276062.2356490717,42537.11456267488,22093.213388940076
4829,286457.9921204807,49903.20578161841,27918.101162311174
4830,304388.33117646683,72965.46047157816,38978.80790787329
4831,338453.17592443334,102291.0533650056,35870.52997824223
4832,343344.4862120177,101400.5467514114,46210.567445764886
4833,343684.3074335777,89346.21786709697,35187.46083644832
4834,344693.835053069,95092.26934767165,42522.620749015165
4835,331518.36247201473,101912.48835689711,53523.793945521844
4836,314221.07654413785,112223.47117368456,44477.827833783085
4837,309580.56978771876,103091.98318342667,36052.263970095664
4838,320540.8044879332,85914.21683930916,34563.92524370983
4839,335493.62011700636,94675.2328989126,41391.483316961916
4840,370047.6273144963,113248.44351516219,42566.48757463495
4841,396909.3619103797,114242.76939978011,49488.04598850087
4842,436322.9282571927,120000.41593128252,55062.266186901725
4843,468754.7805281831,92624.11530618143,51042.184953316384
4844,460371.19677860057,87607.16129817901,49265.578515714784
4845,387764.3654233739,88074.04641241506,49509.97940131077
4846,306510.55779835564,67885.7055230016,36045.99728072141
4847,275299.47431000066,57214.20375280106,24700.156168630638
4848,261016.64616634874,47522.986461615175,22312.547517039042
4849,248636.33377597955,34678.70284321161,15441.122618167166
4850,245655.33705156087,32810.978071874146,16008.25800653735
4851,244172.42490852924,29786.161050727504,20000.139137938524
4852,242739.10098067462,34431.18536878243,21804.945677724292
4853,260732.30045864917,71436.99147500156,26382.762265618425
4854,300188.7874491248,82163.75405150237,26116.427967212534
4855,332303.3778530169,136026.06651421147,41557.55058537971
4856,340561.95430907985,106838.92724190555,44173.893399131644
4857,352235.98933106667,112490.17410087718,37994.93767611509
4858,329808.0605478504,100065.03816882931,38411.672519503125
4859,358166.36696644983,96956.99482115344,46912.43665568158
4860,366666.57560992264,98919.1555853073,36334.26499193719
4861,387724.0110501325,78856.01443654738,35832.9298419967
4862,451373.3256988689,85159.734248015,38374.07238325759
4863,557175.3864572345,95945.05853404262,39188.74200191088
4864,643945.9001062282,119704.62484164687,53812.06165673761
4865,709069.1524407781,117749.19993077767,47106.70402628355
4866,754925.4757305934,98199.67597289765,40059.81182493249
4867,759433.9310249069,94869.58404878427,51317.91928578368
4868,711897.9146231861,107134.26592348481,44083.02640320493
4869,591153.002956807,89088.37878663962,42886.08873272202
4870,484448.8492606406,77020.6619750256,29647.70742960588
4871,411008.2260215799,50328.687180764085,21692.145268987686
4872,363595.97731237224,37343.21873704641,21078.009710310584
4873,330209.35145841754,40311.16638991434,15036.921153527646
4874,314310.75525955716,30629.466423767444,15578.989784400801
4875,301373.75368387165,42988.902652509285,18480.466964681404
4876,298551.9573669691,63248.35538605205,22770.015841359742
4877,337953.30348709255,73971.46518639357,39793.47752652659
4878,349718.8757387913,96300.85233664412,35964.53031885609
4879,346290.52587417036,76290.6094187787,28742.170815025875
4880,330766.1655018266,82531.41099869469,29779.30790646526
4881,347553.4833130072,88453.36543395098,36315.464923814434
4882,349875.75203954196,95642.31376502107,37863.33719925569
4883,337462.8924980542,72476.69221209406,41733.01788785886
4884,368020.5000526423,76276.78583927666,30095.7757198652
4885,375021.35566429276,62769.77468576463,31374.18035221345
4886,400030.309112313,74554.08298380599,37236.66826183008
4887,460364.1771062142,79579.90083854375,32824.91894235375
4888,516177.00900559366,109271.29077937602,45085.69670308591
4889,551642.856840834,116014.38259290713,34385.32459654353
4890,573458.5901852788,94813.35140295533,43716.42507481095
4891,564181.5927999619,92704.8114987655,42297.01993154193
4892,493427.8588203797,87341.69830417818,42870.42200928636
4893,428178.13557509606,100433.66695555027,44437.09435285041
4894,350730.6296860157,79115.5626141068,30860.311823524444
4895,290310.11324751074,49014.96120830641,19953.138967631607
4896,264954.4578873457,43353.66083696968,19536.404124243567
4897,241883.40913604814,42087.270151897705,16296.52571775313
4898,235015.5722609418,35037.22785000561,19498.803987998028
4899,231491.3970038956,45846.445983754325,18095.06556816465
4900,237659.47343692157,57401.23259450009,34673.59230775931
4901,259627.67135687557,95556.95944504124,52630.79070969032
4902,310043.3134943885,112761.6692022972,43744.62517699509
4903,301113.80803855415,90319.49839916393,46636.702323214326
4904,295843.8837457703,90944.79335656634,43710.15838543669
4905,281581.92064139195,97546.49927453604,45831.43273862242
4906,310130.09242724517,103889.99748326173,46943.77010255289
4907,320880.424224758,85963.99848137042,52978.59196996156
4908,312548.10913673264,85492.92440364894,33536.18818633183
4909,349981.51564346714,66162.61728289032,33664.655318504076
4910,418269.2237287858,72744.55129320861,32257.783553983565
4911,506799.3070871842,102986.50508286247,30487.4438057562
4912,570606.4053018214,108566.62334185092,40348.07953614827
4913,653385.9580391117,100579.54341996815,36309.19823444019
4914,783078.0465935066,98453.74498621811,45702.96560645015
4915,763038.5442638944,95558.5177394578,38944.341116314885
4916,710617.7268467704,101918.21885894523,43587.95794263871
4917,606524.648418075,97771.2958110201,38173.53832328139
4918,489293.56243902235,79510.83320859533,31480.714071575814
4919,425800.6712045474,45214.063300134534,20758.40855222352
4920,369598.5031903729,43982.05562735133,25674.626366327466
4921,326745.8529276126,35775.18916931307,12433.111718524211
4922,308162.72060442745,34298.86439020357,17465.26328605191
4923,291136.6935774573,42598.92690786641,23349.684608478434
4924,287764.5149485735,64040.119752366816,26191.628239703616
4925,320382.9155811,80146.80164495872,35419.328343295805
4926,336534.9387543337,97388.96073577464,42087.08583750434
4927,360954.2686999502,100338.82882223924,41425.95010852033
4928,329424.5365467406,85036.51169812659,46357.834646059935
4929,303645.81152169924,90522.56259308531,35146.727355515664
4930,320096.0511156083,98426.85184064141,40877.61478827292
4931,356180.16582872206,88288.99050678131,38214.27180421404
4932,383883.03345371573,81517.09538032403,31508.914173759968
4933,435954.4428029122,84499.18497391901,34247.45743030991
4934,531514.6870293409,80205.69847156429,29559.9737783663
4935,632415.3916003965,101078.68355304225,34661.058929010804
4936,708264.4348394403,84687.13538758484,37669.06982865377
4937,758255.6883969833,109721.65462162526,37443.46901118053
4938,774645.95984874,87590.79082887786,49763.78032096813
4939,753770.9044467906,94108.23155737393,49434.77912881969
4940,687874.430730849,103334.92630972956,46661.76908071133
4941,582463.7627115546,88829.70191348513,44418.29428472765
4942,478307.10377546476,67705.07741750835,38349.00562576057
4943,425371.86918269866,61755.66013764138,19367.20351113865
4944,377483.93331600964,35386.18526419882,20736.475139413622
4945,348884.63798810594,39444.536868187344,17258.462536701452
4946,336812.54210402287,41485.11502878908,13902.65037678728
4947,334447.5765312086,38647.3436051954,20943.275888764078
4948,339613.5493868213,73619.30740409742,29534.90702086927
4949,365440.3615659986,97072.49292237475,36650.732805337146
4950,392478.1071145375,83286.697870978,36823.06676312918
4951,418427.90866726456,106829.0915556417,42970.68903927447
4952,396827.40426939726,91232.49136874801,44954.09622622653
4953,368339.1618680386,104742.56884353148,38866.007499136686
4954,401670.88337409374,106665.93980580977,53727.461350185156
4955,423434.6707167486,87638.14287211755,39063.40821442574
4956,432349.50914285827,85325.65071374727,36487.79888160646
4957,470690.952125829,73173.53466582819,31571.581067502517
4958,541695.2507593806,82796.11997926817,34485.591626531634
4959,645416.9875453569,92848.67726071025,34783.2593718088
4960,718332.3712967692,119297.45759085967,33037.98638107846
4961,774243.9809531322,112374.60897624021,36559.86580941042
4962,776210.4059359385,99081.88843879063,51590.52027356381
4963,758910.2868385315,85997.66099193964,47279.03798407558
4964,721697.8041087938,96726.51805018316,49039.97769824156
4965,635948.2514573579,91102.71727996829,46041.36683265998
4966,525966.5164050189,66896.89231433056,34256.857464371285
4967,446243.9205145627,55535.45150221993,22566.348436696422
4968,409057.91440673015,36359.030144063305,22748.082428549846
4969,381343.60246637225,32911.39590454772,16779.060799570863
4970,365913.4465183968,36841.364155633724,14215.984845500087
4971,349101.55182196916,44786.62146607765,16882.46117424608
4972,351875.1197389189,59050.54480970546,28243.969009772503
4973,387328.100952313,84109.37678781548,34194.190570628714
4974,405641.20989665925,78426.21002708473,39332.87585751877
4975,396006.0899914004,88189.02508216417,30268.109677657245
4976,374117.8789080453,78191.12539628033,34310.124324052456
4977,378705.9958677979,85812.62609685965,41297.48297634806
4978,382973.0126022836,91858.7246539712,39317.20913408315
4979,395268.9162838426,80858.62383211683,36760.399869386616
4980,437723.8312942229,87666.32621844778,29581.907191176193
4981,480630.317014837,71917.59963361596,29042.971904990158
4982,559438.7425919683,68310.41615286598,32035.316081197478
4983,653388.523689046,95763.60939170621,31186.17967098577
4984,743475.072893528,115535.61757822632,38226.80518296256
4985,783978.4331754198,104429.65327116716,45383.3644483631
4986,800380.9852157033,103850.65473820618,51709.58737167465
4987,777891.0124407143,100933.86270742274,51650.05382261924
4988,732495.6593807357,106020.72213807056,47955.84043649524
4989,615666.0716868662,104511.77371133631,42184.219522805324
4990,520926.2430253645,100689.67964792791,28839.304500326823
4991,445281.6974181563,54688.97927278497,28005.83481355077
4992,404484.3792300622,38510.98446581655,15300.122107246401
4993,375603.68653279747,29905.429219085683,18082.53218941614
4994,361141.5063446245,37468.18389574483,14244.184947684242
4995,343594.0656415152,32885.74269216274,20006.405827312785
4996,346222.66151584894,32388.127341797324,15130.92149414149
4997,341041.58310921706,46693.1360392905,25470.95896166415
4998,364261.08988231927,79978.67340650602,37449.7357005548
4999,387855.919973977,103769.23804390272,41861.48502003114
5000,401847.6231273753,105203.97479352845,35560.32885421656
5001,389443.661904638,81582.40969898948,38120.27146360021
5002,404177.6134666741,86190.13548616982,42221.81965905085
5003,426010.13469382684,111338.05833968875,44527.96134877712
5004,485857.13208193914,108408.76644186467,42168.5527993697
5005,547011.2637026941,89320.31331690286,34122.12364282477
5006,631384.3944497912,87342.40205004365,35199.994215196835
5007,730836.4760055867,93647.96500544492,34306.99097936533
5008,781632.041516497,111691.30525249105,40774.214413597685
5009,833332.2004857685,124916.54996611679,49065.04445573858
5010,841326.6739911649,118972.74589732029,37033.00085716676
5011,827738.0356442651,106199.6914140236,51803.587712288514
5012,777803.9544389453,95154.90272970624,45624.63198927197
5013,668509.5231343558,131376.81972096325,47034.63709847958
5014,537184.5275834908,74341.92036119419,32464.584303334017
5015,475808.53705875395,57146.14147408924,26536.2961552877
5016,425821.26672605745,43557.981719936724,16659.99370145999
5017,397561.64906629757,32363.161119423967,19740.07152890689
5018,379053.73379632615,38041.8875788602,13943.383857719946
5019,365603.6823141067,37611.161597430706,17289.795983572738
5020,355903.56281825365,39113.00554209367,20385.540534455275
5021,361479.27919559885,53663.53776739697,21642.011753993636
5022,390940.7094621597,78392.59778407733,38402.27248544175
5023,430946.6801814627,88778.34522115336,37684.7365520894
5024,445984.2289871838,89323.21207963474,37982.40429736657
5025,424261.8637208406,96785.43163264272,38217.405148901176
5026,427250.8895510601,91611.94443711547,48090.57425804175
5027,472519.7153209508,99430.9296322535,48372.57527988328
5028,453788.00056786917,96774.13818708592,47883.77350869129
5029,497121.99488135637,82787.45720278025,39699.47718591273
5030,562697.9262038739,77767.31958252887,40031.611722748334
5031,660327.4037706916,99771.67667801514,34429.19142216333
5032,718020.287534603,104461.89153415138,38314.53883420213
5033,734757.9651133363,120409.61064039667,37261.735019327105
5034,836499.2617059057,99829.56815338435,38317.67217888927
5035,817195.9989540264,111923.79272593439,38468.07272387143
5036,784163.157786665,96004.49154797436,41046.81540137782
5037,669560.3091244069,93902.2183331587,47445.10525249338
5038,557210.6293463702,94186.28032503517,36130.59758727388
5039,490221.9948489753,65107.450892609515,23565.885391890275
5040,445249.7787739835,44765.1739730321,21764.212196791625
5041,416427.8643846742,34400.97456412526,16929.461344553
5042,397245.18158560566,35763.89572375628,12909.380110967679
5043,387896.02412178344,38437.79489579848,17712.797516335024
5044,389410.6562905843,64100.03868606295,23224.350820993317
5045,424418.18636166776,90159.31243547975,39567.87670905338
5046,449915.4934692859,85644.43083499122,38157.871599845734
5047,418331.28954199475,95958.71455500527,29954.775208944433
5048,407900.620853582,80820.20265902812,30048.775549558275
5049,401247.5145668343,94208.01266759778,42218.68631436374
5050,391544.8925233005,101988.5766896471,47611.17252091115
5051,417677.1261331081,82050.16611763046,39348.542580954396
5052,443489.2197342144,81397.59263001071,27908.701128249795
5053,494678.59116307984,70660.1230628411,31151.712879427356
5054,576886.7667720633,69183.39614323693,28823.6377768912
5055,660813.2349165824,84415.59001860298,29055.50528373867
5056,762448.7336117636,97325.42253762712,48215.90804552688
5057,814423.5083853306,115120.67561120994,48231.57476896251
5058,814087.2606010183,108125.0395670671,43418.75732953378
5059,794682.4140205485,90781.87618868957,38449.27265574864
5060,766999.0051240325,88384.71670035108,39032.07476755447
5061,658922.9802546467,99786.10346825916,47022.10371973108
5062,539839.3752129778,64537.349718091566,36515.99898379064
5063,475689.12200660375,54858.53175882267,22372.081066094484
5064,432816.18652056815,42758.55992837053,17321.129430444016
5065,395951.0080558455,34260.191879305734,18085.665534103267
5066,371711.62278578803,31354.59275895545,17390.063013560833
5067,352867.60968476743,39795.82334607847,19176.069485223834
5068,349663.89084767416,49853.23982516376,28325.435971637824
5069,389021.05383073393,93523.23442870166,31856.71543403118
5070,416541.77044196916,93986.78512800336,37424.66894305777
5071,400504.7797915666,89802.07762943926,36205.797859764956
5072,391397.78674024995,89755.71418158211,37462.26907930332
5073,377089.2858827833,78720.02392595522,46708.76925101827
5074,400128.02042254584,80526.45578357333,36465.865468796575
5075,420015.0050500622,89090.89216473086,34958.72667428797
5076,419864.39220198535,82225.85124621082,36798.00000563216
5077,432979.8217151093,77165.19797112807,30935.51209601551
5078,477669.3303105054,65856.00191160818,25630.759540707688
5079,519736.905964188,91461.1920192005,33699.12211006248
5080,584245.1184656046,97476.29224651966,38593.406511356545
5081,624374.8939848793,121861.77347812204,37578.20283272703
5082,708736.2037312672,104148.89218251735,41786.28474754006
5083,714099.1837709309,115809.97793067033,46360.967990747034
5084,645075.3731926644,110345.94422779116,51252.11904735397
5085,536932.7146345075,99505.711008396,46367.234680121306
5086,440978.7121224977,81064.11762485982,41263.01618478967
5087,385188.2495402246,58286.27679970926,22961.149867274566
5088,348539.99599667545,39183.799024998036,18257.999491895316
5089,322428.45414162724,33341.68623377472,17286.662638885606
5090,305903.2382031454,42504.42389163431,18875.268395259543
5091,300828.4200665432,43187.81139465314,17706.53082696077
5092,310218.4689602396,60530.974773030706,27592.23331484986
5093,334598.3568306463,111672.05277631186,37882.13726737845
5094,354170.31220847473,94893.46114065143,40849.414686088756
5095,326632.08735810634,94565.95121950374,36995.40072092123
5096,327367.1553798778,81321.4540296989,38684.27350728327
5097,327807.40500796033,91862.0758247596,46144.76720733522
5098,344130.08191254025,98650.14035027068,41043.6820566907
5099,352127.6616577216,94902.4422783643,33363.854228539785
5100,385767.0476991179,70076.9020546867,37675.33651802802
5101,449071.5369746119,72802.34223345408,35773.396292941274
5102,546450.8645769239,82213.82054308066,26135.228035335305
5103,657498.5073558366,76947.82427794031,33110.053308882416
5104,748099.0957193839,99260.15396887816,39968.94482900577
5105,799499.4251326029,98531.25756655323,47288.43801813695
5106,835018.5335498655,102448.3405659578,48729.77657421587
5107,817595.6920971072,100023.55067446924,36995.40072092122
5108,785710.69672445,108158.29993714178,42879.82204334775
5109,665571.0931768707,105852.09122399967,44437.094352850414
5110,542129.9995261739,90992.430249323,35206.26090457109
5111,469076.7936051172,53367.29426970488,26094.494554402638
5112,427053.8532523209,38380.77472483435,17863.198061317173
5113,385965.641022174,40963.08639923034,14109.451126137737
5114,359968.320923777,36723.017559242355,13767.916555240772
5115,345143.97005739436,49077.76214888048,17164.462196087614
5116,343791.42924593133,56059.65839279105,26429.762435925342
5117,365818.34612100705,85402.34225723926,39646.21032623157
5118,390355.57312664035,90946.13382488163,40492.213391756166
5119,377105.8845522249,97505.64850262577,34153.45708969605
5120,367229.5950334646,89350.00469008784,41313.149699783724
5121,380462.60109785426,89646.63357242064,41313.14969978373
5122,383525.0346959073,83229.81174684539,44224.02691412571
5123,406854.9342522563,85657.1150164252,36832.46679719056
5124,403082.5574648957,79770.96784104273,29403.306544009884
5125,448176.4906298763,69719.43266669105,30108.309098613707
5126,519220.45034536254,76636.23241803746,38110.87142953881
5127,580785.3097043777,81160.09515623873,39091.60831660992
5128,615887.9050495966,118288.5876250201,38768.87381383572
5129,652587.3304495364,96098.92754079076,44537.36138283849
5130,661822.9169407397,97285.67765207702,44484.09452315732
5131,657622.8705229121,83557.90812288095,41585.75068756384
5132,648160.5744707207,95482.39589499997,33417.12108822095
5133,542351.2140840448,93004.54021407747,40846.281341401635
5134,475247.3170608848,75308.98447144871,31474.447382201557
5135,403495.07822552527,53443.81825465739,28112.36853291312
5136,371835.82315641426,41097.78670906901,11978.776738890643
5137,349339.59895733977,33615.728224993865,17020.32834047972
5138,342871.2898660222,37300.357262663136,21761.0788521045
5139,334974.3081074677,40505.98670369639,19028.802284928817
5140,337703.880501855,51547.87662528182,27557.76652329145
5141,369224.56064962747,85210.68879985221,43277.75681861304
5142,404782.5765530013,109651.56488458649,39799.74421590085
5143,395288.31203417276,97613.32162005617,30694.24455510666
5144,369731.01476206485,82773.93522864913,36155.6643447709
5145,353986.3754039451,90429.75191810136,36190.13113632931
5146,367537.7231167521,98348.30039736193,43963.959305094046
5147,386899.23408634757,90775.00628857342,43822.95879417332
5148,419988.1360740961,76443.75792380732,28131.168601035886
5149,488747.49240691826,74251.35497063841,28544.770099736797
5150,583330.3476901324,93718.20554516923,30111.442443300835
5151,689079.1939702983,103875.70473984927,34526.3251074643
5152,783663.4622678735,114430.48523149082,47861.84009588141
5153,816003.1681575704,102929.82002897725,47592.37245278839
5154,861919.6905395886,94663.53731286121,45004.22974122058
5155,851863.4126653393,90756.57484923735,48137.57442834867
5156,802669.3572780046,95295.24976232325,57446.74149380618
5157,687937.3383721388,97666.9068409623,45875.299564242196
5158,570743.935946491,77128.85452392821,28055.968328544815
5159,495742.8910050341,55212.06352114202,27090.898164909366
5160,449302.33978257386,43097.07844555796,18558.800581859607
5161,413232.9606152858,41319.88555306834,21657.67847742928
5162,389877.5775218124,34978.09644144478,17239.662468578685
5163,367143.15922946477,36924.62399387084,17587.463728849907
5164,356940.5143574747,35724.93836334144,18493.000343429918
5165,358897.83250914054,56684.132313350296,30656.644418861124
5166,396868.50920876116,79716.25997792257,35112.26056395725
5167,417873.8610028975,94561.56118577102,33880.85610191592
5168,419738.48085608316,112747.86237864906,41811.35150503708
5169,425423.4966528723,114343.84071075737,44838.1624728028
5170,412755.9101982852,97325.27173494162,48475.9756545585
5171,415273.19923035696,77421.88089766348,41679.7510281777
5172,466985.8441870362,116559.5007891976,47733.37296370914
5173,562476.3552345909,77910.07945811356,33830.72258692186
5174,643792.6508106545,93181.4652758496,35732.66281200861
5175,741409.1440842795,91135.17336905378,45452.298031479884
5176,818665.6689342711,109518.28882233294,48009.10729617643
5177,837899.7896729631,107907.5820946097,49074.444489799986
5178,851649.3001792241,92600.65711066283,43901.29241135151
5179,861103.2006467392,97480.28013975779,51170.65208548864
5180,819952.0033696889,108833.19222221199,45126.43018401858
5181,683924.9262578421,92586.196808711,40000.278275877055
5182,556474.6256927532,73952.64836241685,32094.849630252906
5183,498969.2059631663,47551.01900525989,21958.479567393566
5184,457895.9961934676,44251.65731727584,23565.88539189028
5185,428770.5959304837,34812.07944058883,16822.927625190652
5186,409667.4205062874,37693.85173663379,13526.649014331912
5187,391315.06381381856,33199.47930137015,15860.990806242333
5188,385855.19095883373,40161.235008842596,20846.1422034631
5189,408773.6896372847,79133.17301659963,25527.359166032456
5190,434341.9698339934,78080.33569001679,29581.90719117619
5191,469827.26908304647,97818.16193449538,38458.672689810046
5192,467423.7461136405,95004.80379009506,36108.66417446397
5193,449628.2673382799,84382.37991609027,38261.271974520976
5194,475001.2253720707,98391.78183834112,37242.93495120435
5195,500425.96994986513,113305.19559246326,39132.34179754256
5196,559377.2926650491,85401.0520564857,34494.99166059301
5197,607380.5345345272,85342.87573159959,34003.05654471391
5198,704836.7521848644,84510.27734922853,32486.517716143913
5199,796518.498275317,83520.71012713,43750.89186636935
5200,844324.0612009645,108347.28921375198,45182.83038838688
5201,854415.3728342917,95234.25845397491,48494.77572268127
5202,869437.3568244819,121612.58041829869,42234.353037799396
5203,855239.1403831902,100654.34155196462,43738.35848762084
5204,813056.221486558,97197.37430180343,50174.24847498193
5205,695631.5080509516,90248.30277576495,46292.03440763023
5206,562270.6437506047,77966.71424443704,37709.80330958644
5207,506965.378159109,59602.013474639985,21707.811992423325
5208,464526.4863040932,36381.70081444664,17151.928817339103
5209,423231.5975925431,32360.94934670363,17612.53048634692
5210,393319.890930055,30414.55584110913,16243.25885807196
5211,348616.0680353476,39098.93062478252,18091.93222347752
5212,330103.35555762245,63758.18575394108,28081.035086041837
5213,366422.0229555244,99264.40995577922,38446.139311061524
5214,369229.65181076026,103065.19057297357,38568.33975385952
5215,367622.76224232087,102917.772569993,37217.86819370731
5216,344983.7741250087,93965.4381700814,40191.412301791876
5217,343385.2246629046,90059.44754598624,42406.68699559141
5218,329219.9161040851,84949.28072250528,31815.981953098504
5219,332772.4916064012,79857.46155909057,40836.881307340234
5220,352974.12484030233,72254.39229784737,33529.92149695756
5221,388445.9793921358,73568.03449103536,39414.3428193841
5222,463478.6211349693,89165.74056428918,37678.46986271516
5223,554721.4900959021,104173.60706708164,31452.513969391657
5224,672390.8597837379,109569.59524710278,43813.55876011192
5225,734301.3058235327,118426.4883029616,40385.6796723938
5226,823151.5851801464,112999.41801387821,43578.55790857731
5227,810542.1065696066,101033.15789788215,43136.756307692245
5228,782485.409448142,93136.92821607213,37772.47020332899
5229,640244.828536274,85961.50185913307,35478.86189235123
5230,524566.318493945,75305.19764845782,27037.63130522818
5231,449430.7851857749,53730.79576511962,27764.567272641896
5232,409332.53735826566,46177.139517150914,17618.797175721185
5233,362854.3134084719,28079.225453816136,17969.73178067953
5234,325167.204420929,37926.84188569539,20539.074424124552
5235,299286.2607440641,38836.41666107535,19301.40327270896
5236,296792.6913978371,69225.60413931652,28099.835154164604
5237,319972.7259285429,86705.64608854507,42121.552629062746
5238,354542.82168672583,109445.21654329244,33686.588731313976
5239,313161.767472222,88476.38797726702,35522.72871797102
5240,316576.11032094626,102755.27429846479,37336.93529181818
5241,308989.7528316863,99478.91839794304,48745.44329765153
5242,325459.00372066756,95017.53823909088,46025.70010922435
5243,327233.22395980085,81495.94949264944,45956.76652610754
5244,360077.4788721975,88569.80186299291,43425.02401890803
5245,447018.3708508548,76427.15287255094,38969.40787381192
5246,521701.85410791007,65468.070381146215,29199.63913934657
5247,615879.2520621469,80108.39722772391,35002.59349990777
5248,684361.3929383965,95105.07082008313,42124.68597374988
5249,722117.6236018424,99515.0775307495,47582.972418727
5250,797575.6322228864,91584.28052225745,46031.9667985986
5251,778229.03382093,89231.00461539273,49472.37926506525
5252,716469.8827226225,99041.08793444217,52173.32238536961
5253,617671.580523083,88105.99982588222,38844.07408632681
5254,474941.1054196449,75223.64690732285,31750.181714668823
5255,405478.10057029943,49136.20656742968,25514.825787283946
5256,355452.1398593766,40136.13473963769,16725.79393988968
5257,314593.88362633315,38480.555835058134,22149.613593308382
5258,291796.9740648423,29783.12824116402,14375.785424543625
5259,269042.93284293334,42718.69775184284,18753.067952461548
5260,260395.66210980376,61304.92766660526,33166.453513250715
5261,271557.02711654105,74689.63784219565,41989.95215220338
5262,295019.1890551837,109898.39536900402,44524.82800409
5263,290670.8703619926,97005.77111197822,43813.558760111926
5264,303759.4294552357,94137.48727835646,49979.981104379985
5265,300960.97714090155,93192.27280164213,38981.94125256042
5266,286214.2734834456,94031.07084997171,40514.14680456605
5267,298773.99348797044,105837.09473472172,35403.66161986017
5268,308024.39814177284,66215.51551378473,40138.14544211068
5269,359148.12278745597,68486.2688399858,26091.361209715502
5270,444602.5197877002,66425.43285196842,33586.321701325876
5271,544540.4585094244,89066.04323333509,39492.67643656231
5272,646817.3238515077,123247.04694691152,36782.33328219651
5273,693982.9681752417,112712.22267731478,45245.497282129465
5274,744469.7272220853,89121.38781890506,44189.56012256728
5275,742516.0830936846,92003.79683739982,41667.21764942919
5276,700818.3347974346,95732.61106191378,53100.79241275955
5277,577098.833390135,85376.487974607,45806.365981125375
5278,451611.3944773942,70210.36243133366,38349.00562576057
5279,373406.49880195403,62140.13996219131,26993.76447960839
5280,341146.0181102082,38946.58640074311,16023.92472997299
5281,310542.49438901816,34581.36808766335,13639.449423068527
5282,295536.8734728293,34868.91529715961,20200.673197914723
5283,287878.53593350295,35177.08896285834,17850.66468256866
5284,299969.33672381344,77847.93199584314,21394.477523710524
5285,332371.44552706607,99853.57929208294,37039.267546541014
5286,343760.8236492205,109112.67986596229,39169.941933788126
5287,347414.4771597386,100671.96871031138,31214.37977316993
5288,333187.923867551,98169.5321916563,37465.40242399043
5289,332477.3019697989,102434.61752157948,45621.49864458481
5290,367989.98579243006,105341.45657512141,41353.8831807164
5291,372228.92698786204,95823.26023173919,35619.862403271996
5292,388531.02938797744,88448.3386777684,34172.25715781883
5293,412713.4611423903,76127.34037796917,33755.52231443078
5294,510344.26422250865,82097.03224110589,37825.73706301018
5295,519519.5561496807,110872.14506498123,31875.515502153947
5296,577666.470556681,118562.27774330642,45041.82987746612
5297,619977.6974744904,121467.1563619374,43381.15719328825
5298,733523.8494500284,102577.91358449026,34632.85882682666
5299,717549.3316733602,93012.6668032393,43901.292411351504
5300,673184.085457728,84345.53379327204,44697.161961882026
5301,558941.0102307104,87918.31750587943,37822.60371832304
5302,445171.6997059833,71044.46884055951,31715.714923110423
5303,398139.2759845062,43297.47845870263,24932.023675478118
5304,365623.07730675576,33990.121025470835,18568.20061592099
5305,338965.1808727815,38575.24316568357,14081.251023953579
5306,331430.80019201513,31401.02323022835,17549.863592604364
5307,326019.820664249,36873.75322130332,17753.530997267695
5308,332742.2383439192,68264.4716013574,27225.631986455868
5309,373250.1722357197,119004.21339102306,41817.618194411334
5310,396527.0472694134,86337.55348915028,40376.27963833243
5311,383533.351623429,86233.46612446346,28441.369725061573
5312,388810.2881921735,87771.23461997778,41319.41638915797
5313,386910.33358539984,98035.77020963836,35770.26294825414
5314,403651.7357275734,88053.26915352722,38129.671497661584
5315,437235.40151850745,70805.16173456184,41425.95010852033
5316,477697.4144912753,73360.86511289816,29845.108144894944
5317,576925.2514278447,71042.05599759184,30311.976503277037
5318,654358.4610429289,92037.459347969,32643.18495050032
5319,753424.0050584784,92958.99780306354,33533.0548416447
5320,820562.626628631,109278.07690022228,33721.055522872375
5321,886834.6602045298,116615.26427111615,46956.30348130137
5322,925478.7856540951,104958.83665035902,44302.360531303886
5323,930316.5285250815,84820.12660032138,45608.96526583631
5324,912896.3457415303,93607.28179207409,43628.69142357135
5325,797287.4200938139,85662.71147164181,43421.89067422091
5326,689188.114475059,61057.54423900764,29644.57408491874
5327,605650.425820358,56526.107854824615,21353.744042777857
5328,550534.5868706851,35251.451442652324,16863.661106123312
5329,501229.07250378974,39878.949137484036,15187.321698509793
5330,468909.3158710051,32001.5362796507,20357.34043227112
5331,448478.9456464008,29328.474900305562,14645.253067636633
5332,437376.8717161664,44593.22539988071,22356.414342658838
5333,469790.2370931177,59583.598791157856,26768.163662135175
5334,481824.8115975336,85207.55545516511,32984.71952139729
5335,492391.9772203645,80954.75216618124,42306.41996560332
5336,536073.2995295255,107273.60760486538,49625.91315473452
5337,515958.9380588189,89569.90851722081,34767.59264837317
5338,529616.8575231478,93313.98732467582,37716.06999896067
5339,549691.0143841353,89628.88912309616,46852.90310662616
5340,587850.585719149,103364.93604413951,36008.397144475864
5341,649609.568731069,98921.36735802762,40398.21305114232
5342,705613.6845661461,84037.72875636011,37966.73757393092
5343,771335.0577687563,81243.17068008253,42832.82187304083
5344,822636.5474735616,94328.973177204,35027.660257404794
5345,879400.3598437527,92882.2224803019,54303.99677261674
5346,877565.3531882328,103086.30294894028,50095.914857803706
5347,883141.7806024114,98168.39279358817,44797.42899187014
5348,832632.6707748015,107688.68361871314,46401.70147167969
5349,734865.2356841391,86902.12523186737,37214.73484902019
5350,622425.8470878641,76944.23852519676,31828.515331847026
5351,552980.1350352896,51677.55017893787,24123.620746199074
5352,497907.19787531503,42553.166670751176,18865.86836119816
5353,462744.84938463365,39216.288625791305,18837.668259014
5354,435910.71453371376,30259.162051652318,19251.269757714916
5355,415649.5631184367,37776.994283893306,19950.005622944478
5356,398803.5727404081,38288.047829120085,18120.132325661674
5357,405681.3649285238,63023.810187377174,25668.359676953216
5358,431209.8665423246,55867.870888572514,35525.86206265816
5359,463321.21421421703,101727.21887986202,31013.84571319373
5360,474573.62282058643,95993.7510455977,37775.603548016115
5361,455612.6816158016,107186.64472290715,34839.65957617711
5362,449180.71776413714,101854.69741665167,37932.27078237252
5363,484423.9146767203,110463.2016936763,47601.77248684976
5364,491856.32092614734,107162.5665607927,34936.79326147808
5365,531550.128362627,86634.43370929222,33207.18699418339
5366,553565.0391901152,85956.42483538872,31164.24625817587
5367,608839.356965744,88418.89864239257,39075.94159317426
5368,682357.1937319587,112482.26533781666,43465.757499840714
5369,709928.8254852768,109422.31129095389,48479.10899924565
5370,777937.4430869399,105067.31404877866,44712.828685317676
5371,748747.9644613849,99683.13874578645,43343.55705704272
5372,707880.6984310236,116641.55420595092,47984.0405386794
5373,588440.2816001277,100898.84297268419,41899.085156276655
5374,471756.22162623255,61800.884187430434,38076.40463798041
5375,419367.8831015678,54858.21339759778,23418.618191595255
5376,379791.4019798669,34672.888561893786,22259.280657357867
5377,353957.70061475557,35305.62311844634,17415.12977105786
5378,338831.0796923083,35565.405877960984,14150.184607070398
5379,329099.1792381408,41160.98979013768,15478.72275441271
5380,335114.9874235431,65861.29676145384,26097.62789908977
5381,359531.89617665374,98409.29170571029,35698.196020450196
5382,388336.71855385427,109202.75933675363,38051.33788048338
5383,376769.3812481861,82698.4836183489,38787.673881958486
5384,386757.9948641577,80659.73184582694,34150.32374500893
5385,366593.8339950017,85166.41983373783,50453.116152136325
5386,355568.96798466175,98123.16874379918,39549.076640930616
5387,342627.85512612277,73919.38799234225,36459.598779422326
5388,347535.20652594685,70305.85404294831,34128.39033219904
5389,361835.1264441209,80565.59745838156,32931.4526617161
5390,384696.3414526344,72822.80113111714,37440.3356664934
5391,429492.2576180138,85124.79829254623,35460.06182422847
5392,478461.47533404717,115764.97170698248,38715.60695415454
5393,528300.3867320245,110310.53910841203,36243.397996010484
5394,708589.5637858196,99616.29964441237,43678.824938565405
5395,700678.1387555595,104014.86210683642,46467.5017101094
5396,663604.2965638175,113291.87468857942,45424.097929295735
5397,566932.1890950942,119940.51375344038,38233.071872336805
5398,457394.4107459267,81924.16209598769,37524.93597304586
5399,384195.3235568328,46770.380525962544,22882.81625009636
5400,346300.1940350585,47937.25819447374,20354.207087583996
5401,323386.3057478279,31228.421178773224,15839.057393432433
5402,308118.40607569396,45299.099258889524,16572.260050220404
5403,297963.26437505335,42351.94562076334,20291.540193841436
5404,285769.3173442196,61799.00753178897,21726.6120605461
5405,321808.395373398,83989.13677992874,42350.286791223116
5406,347188.85368096904,99877.13802272531,43879.35899854162
5407,339985.9587896201,91204.71016291245,35767.129603567024
5408,321850.9370889256,79138.45111059138,36443.932055986676
5409,326556.09361865296,86528.26861871655,42228.08634842512
5410,348694.8660395733,93424.2575994672,37333.80194713107
5411,337341.9855303232,94195.41226543352,38972.54121849906
5412,353362.7372832704,68653.82737940442,44302.36053130391
5413,434824.7526809882,79167.47224961869,27914.96781762406
5414,519886.5669692237,95169.02791457923,34845.92626555137
5415,622659.9146813006,86712.98515257161,37343.20198119244
5416,733474.6019778405,114516.9957053926,42193.61955686671
5417,794656.9603437337,108395.06015334018,39226.342138156404
5418,826504.6570160522,85908.98901287929,42566.48757463496
5419,821694.4317681309,86509.75340011074,55604.334817774856
5420,810873.5722626664,102459.18160345819,53348.326643042674
5421,689387.2402271259,110923.35095462769,40865.081409524406
5422,566108.1220556105,79253.31248936281,29118.172177481232
5423,487304.56087704893,45855.3600980514,27018.83123710542
5424,440466.7151662418,37836.69539148817,18474.200275307147
5425,401873.9393986112,35438.99971582356,16221.325445262059
5426,377729.9605065036,35116.2317013415,18001.065227550804
5427,365039.63695451466,36981.962526059855,17552.996937291493
5428,361502.7193225273,58623.454848581314,27636.100140469654
5429,397697.8849114049,87791.49244739345,36873.20027812322
5430,420626.6026004127,92010.19757360566,46997.036962234066
5431,413002.97371344164,113719.5343487376,37775.60354801613
5432,388500.6963561192,95863.92668925616,32044.716115258863
5433,372492.39316982694,82931.1721620396,42143.48604187264
5434,400726.833052597,89685.94280576818,47040.90378785384
5435,425359.0242790398,73892.6791611589,30926.112061954136
5436,434967.6299181951,76887.18484252473,30261.842988282988
5437,530486.2488269666,67519.95874315867,34520.05841809005
5438,633331.5132722947,66584.61346441608,29779.307906465252
5439,736406.4256384636,99921.92642031184,31606.047859060927
5440,795875.1354859743,106345.88623966636,36092.99745102834
5441,863744.2076153001,116033.60155737842,47930.7736789982
5442,875393.1124363221,100142.58426087232,44104.95981601482
5443,824875.9004789096,98508.58689616981,45392.76448242447
5444,803438.3662878595,100503.60588990357,40091.14527180377
5445,679618.6068322535,92494.47526423326,44004.69278602674
5446,561151.704042776,70255.31838745966,35406.79496454728
5447,496303.5296432979,52594.63157688382,16882.461174246087
5448,449756.45146028075,39756.49735687695,15660.45674626613
5449,411143.59367773676,27145.38820192832,14732.98671887622
5450,392032.72140870837,38814.131375332705,18693.53440340611
5451,369287.4438273743,36496.9643337127,13084.847413446854
5452,365465.5128770327,67485.59248672391,28375.569486631866
5453,392974.729846819,88666.09775559681,39251.408895653454
5454,405230.9483098341,83340.83603506416,34595.25869058111
5455,391921.0665021898,71561.40369051987,31208.113083795666
5456,380715.79160112364,80857.9368421052,39743.34401153254
5457,370999.71104115865,106234.14144972812,40025.34503337407
5458,391737.2201435413,84365.32245677747,44518.56131471575
5459,414058.7036899726,86112.77370852021,27444.96611455484
5460,458814.0606098773,66645.15236470803,31255.11325410259
5461,565837.5359526373,78659.48502566328,31634.247961245084
5462,659115.3746769417,83067.02862580013,33044.25307045272
5463,768930.540422634,95696.43517325331,38408.53917481598
5464,831449.3984438311,119081.64219208842,41842.684951908355
5465,880084.3095507476,113998.28473491438,41156.482465427325
5466,873229.1432376258,83511.1257786753,49951.78100219582
5467,864197.0119722313,95537.03673470438,50039.514653435406
5468,831028.9490270256,105123.17806582084,49174.711519788056
5469,719389.8392691995,107076.03933103691,43164.95640987641
5470,605292.0574537275,79753.08934488682,28156.23535853291
5471,533040.3004154385,51580.36622607508,26028.69431597295
5472,492388.60576594004,39135.692968330965,15600.923197210697
5473,456555.26508930966,32095.503108556666,15848.457427493819
5474,426529.27344564674,39054.7621937918,18395.866658128944
5475,418892.73327586154,42044.34165409867,18051.19874254486
5476,413118.54316297965,57521.8244753197,37459.135734616175
5477,430195.9670377937,88460.80503310115,37440.33566649341
5478,442401.385188711,101801.0116606219,35839.19653137097
5479,451891.9114465438,81410.99731316425,33492.32136071204
5480,446702.17285625124,99807.28286764165,41341.34980196787
5481,415121.4377990423,89839.05779908894,48754.843331712895
5482,429772.8458446294,96004.42452455862,36732.199767202466
5483,465203.6887173911,94768.42895853726,33865.189378480274
5484,542275.4663934362,78278.7250006884,32727.785257052776
5485,658122.2819837162,76394.37842224061,28958.371598437705
5486,718376.0027587576,68285.71802415569,35394.261585798784
5487,803667.1263799972,94242.68052940344,31396.113765023347
5488,866149.3089708547,117416.88107954878,41087.5488823105
5489,901760.0158209051,112593.85932506941,41914.75187971231
5490,905637.3566304358,94951.41963943634,43550.35780639317
5491,896246.7642712274,103774.08048569188,39912.54462463746
5492,856065.9016600153,83672.0992674947,39267.075619089075
5493,753131.285114038,100370.71521229073,33279.253921987314
5494,643878.5484893124,80078.21993477462,33883.989446603046
5495,577617.7066113269,56969.31694744077,25937.82732004623
5496,531934.891413497,43671.18426916794,18499.267032804175
5497,491445.9851074704,37145.38236955487,14175.25136456742
5498,470102.746144074,36266.38702761875,17606.26379697267
5499,450198.64919305313,36028.437145790354,15729.390329382952
5500,445364.98893582536,47732.216809787205,26564.49625747184
5501,455860.0531464882,57863.96225695854,25680.89305570173
5502,499074.4997511763,83446.74978783065,33868.3227231674
5503,494690.6894883089,91791.1650508776,44587.494897832556
5504,504024.8495710673,114241.88133952119,38364.67234919619
5505,516048.6630956271,111846.5147275545,36362.46509412135
5506,537193.6763110305,98019.04786740437,41081.28219293621
5507,548155.9130094638,108879.38811152974,41764.35133473016
5508,619065.3393235105,102577.71251424296,42284.48655279342
5509,692889.9910778255,75915.47936072835,41532.48382788267
5510,763071.6286714886,83289.27827248505,38931.80773756636
5511,844093.9035941531,88748.31873088954,39686.943807164236
5512,875047.4261565097,101096.14315284965,37007.93409966974
5513,901256.0113319828,75860.72123004624,45402.16451648584
5514,888816.1060707893,90018.11085431166,50174.248474981905
5515,881044.9867901527,88166.37116763476,46671.16911477274
5516,847693.535739461,94480.864993187,37738.00341177057
5517,731934.6017104047,78663.10429011474,45298.76414181063
5518,620406.980552549,65557.194768263,28901.971394069395
5519,562565.443122979,49646.38880825147,22619.615296377604
5520,520587.93672289024,38195.9073882938,18702.9344374675
5521,480671.41474064335,30603.99752577581,18771.868020584316
5522,460420.6728082275,33394.852558332255,15353.388966927581
5523,451853.2214883592,42321.93588635348,16221.32544526206
5524,444788.0031652419,43186.88982268634,19595.937673299006
5525,460448.26821192564,51437.79066488378,24869.356781735547
5526,487713.37853481225,81435.51112748114,35384.86155173739
5527,500503.5933202792,81823.82804258376,30402.843499203744
5528,528689.6839055374,91045.84791168972,41075.015503561975
5529,515602.5638833161,89885.70609646302,41460.41690007874
5530,504724.70942561683,102466.97307554117,43434.424052969436
5531,544763.0562255259,97775.04912230305,41924.15191377368
5532,570175.2906802688,91016.60894656109,50249.448747473
5533,642534.0218345661,82792.18235359185,42071.419114068725
5534,716506.4781834631,84821.31626595125,35842.3298760581
5535,783446.6741289492,83204.20880202217,41491.75034695002
5536,854132.7616589492,94588.1359701228,42174.81948874394
5537,880730.745801224,99999.20441869172,49666.64663566716
5538,888959.6899910115,121706.61427062044,36895.13369093313
5539,883147.9019508658,106828.85697368655,40814.94789453034
5540,864800.9192807451,88667.94089953034,47915.10695556258
5541,747445.3102684291,81437.6893884936,36240.26465132335
5542,624047.751281589,78796.98356311019,28087.301775416097
5543,563049.5684848347,51406.15561264155,22882.816250096348
5544,518279.1750328623,34546.415376340614,18737.40122902591
5545,481851.78298175137,33394.95309345591,16305.925751814517
5546,456794.02624451293,31448.626611277174,15958.124491543302
5547,438174.49421780667,40275.61046784973,21059.20964218781
5548,439281.3424801527,55776.04880897113,29653.97411898013
5549,474809.0246729905,90709.9600635711,34441.72480091185
5550,498877.5854403494,101249.19112275456,39113.5417294198
5551,471279.3623524778,91463.43730362873,37631.46969240822
5552,455999.07072055637,75243.30152399659,38674.87347322187
5553,453217.1714679718,103039.35304619523,34344.59111561087
5554,453360.8308067633,80123.04184406913,38417.93920887737
5555,474437.23915523663,80246.95138396915,43121.08958425661
5556,516677.4129954232,69390.12986917165,34676.72565244645
5557,610016.2006570435,77497.53357821095,35782.79632700266
5558,686568.9510829224,81152.43773098737,24869.35678173556
5559,774742.2399757695,89084.99410414338,28961.504943124834
5560,846177.3162905661,104934.03798652509,37659.66979459238
5561,868599.7955943064,111388.76155371679,43403.09060609814
5562,880334.0431901307,114222.62886334198,47050.303821915215
5563,869831.1321772792,101173.52168635317,44465.294455034564
5564,848236.9312546706,115304.37003797459,41823.88488378559
5565,743193.7802530918,111155.6038461158,42478.75392339536
5566,637432.5738442616,69578.6332260176,28187.56880540419
5567,566539.4665677872,48928.1491290336,20792.87534378193
5568,521557.44701357064,40383.836528460226,19448.670473003982
5569,492063.52408886404,40124.90831749663,16462.59298617092
5570,472209.47668447543,35280.036929477166,18796.934778081344
5571,464665.9100075144,53061.80154063686,19016.26890618031
5572,475577.5246896907,53847.014368060394,20366.74046633251
5573,507296.1068610586,75816.0668792912,34645.39220557515
5574,530680.3948748829,97762.80059307146,37080.00102747368
5575,520773.6348481342,112074.6959465348,21244.07697872838
5576,525687.4332169917,94765.83180117627,31693.78151030052
5577,518530.78887042793,89683.98237085703,38828.40736289115
5578,527270.2182400132,102487.9346488225,41062.48212481348
5579,560405.573143013,94450.23529218131,36143.1309660224
5580,592238.1405838373,78614.88094247003,29534.907020869257
5581,675973.6750501142,77021.56679113844,29691.574255225678
5582,732720.2879435648,60978.15500303109,40912.08157983133
5583,807531.9314833548,96242.74303517376,32671.385052684484
5584,853762.6408975092,91563.10112287494,35550.92882015517
5585,891465.8747669847,117170.73758514276,45427.2312739829
5586,888415.8791273714,115750.86327796344,42356.553480597366
5587,861127.6528021386,107492.22123124485,42303.28662091618
5588,844159.2143817807,103079.04766418348,41397.75000633617
5589,705786.4725278282,88742.95685762816,45546.29837209375
5590,601664.9029061513,67059.60841195997,39113.541729419805
5591,554257.868668417,46302.00414072565,28262.769077895267
5592,512547.17748067103,39312.2661571703,18430.33344968735
5593,482076.57302139443,36278.73609197389,17189.528953584635
5594,462210.09651269746,40912.65127886538,15813.990635935408
5595,449976.37281227385,43042.957037325716,18753.067952461548
5596,461731.11368569033,69711.3228333832,33088.11989607251
5597,472804.6778038144,99215.44935056115,36619.39935846585
5598,489727.82147861726,93560.63349469999,36315.46492381444
5599,474664.2476456013,89800.7706728318,35507.06199453539
5600,470125.4777316783,91224.83394349662,40388.81301708092
5601,459408.1277988819,88162.04815731775,39417.476164071246
5602,446800.2673706296,80387.85135976633,34955.59332960085
5603,454446.6773362136,84637.8899328497,36403.19857505401
5604,467468.6153324545,80655.91151112814,33714.78883349813
5605,516305.3024588539,73650.02088437283,31950.71577464502
5606,566821.8384399671,70511.78348789382,38085.8046720418
5607,633504.6043723966,84399.78924833589,35353.528104866105
5608,721255.3823545498,107835.58219022147,38345.87228107343
5609,790894.9522359052,112249.25843290114,45953.63318142041
5610,879246.857137288,90324.34084095314,40652.013970799686
5611,856079.8632444845,106829.04128807996,49876.58072970477
5612,824401.2582869179,92655.73360256974,44217.76022475145
5613,717611.7742984652,89903.08191700082,34570.1919330841
5614,610195.5797674464,76115.77883874933,33326.25409229424
5615,549189.2578484478,55471.20955820685,21604.4116177481
5616,495757.4713922293,47465.22903307756,17167.59554077474
5617,456410.56647536746,30393.208883187202,17408.863081683605
5618,435529.79112975334,32694.156258191502,11759.442610791677
5619,421295.6224825256,45862.90023232524,22196.61376361531
5620,424789.91611156,62631.170261957515,27911.834472936916
5621,451988.37132107094,81792.32703717308,37725.47003302207
5622,460131.69106532517,97783.89621318436,35040.19363615331
5623,474858.0927824603,91048.8304536913,35785.929671689795
5624,453797.7595067979,79693.27094631428,33586.32170132587
5625,445173.44362356653,96231.73443913388,40150.678820859204
5626,427057.3527491123,94000.27359042654,41479.21696820151
5627,470411.2427440778,95288.17879195986,38377.20572794471
5628,496880.7639238879,83018.26909082937,35729.52946732148
5629,556748.8543078976,68904.6122453523,28372.43614194475
5630,617595.9036306374,59628.52123557596,29826.308076772177
5631,658068.612635849,97026.581882574,38377.20572794471
5632,682728.588791819,90832.780472965,48739.176608277274
5633,715022.1507684098,116810.41970197704,53219.85951087039
5634,776588.2161131967,82444.68269869157,44828.7624387414
5635,774320.7663848439,106861.86600595202,44465.29445503455
5636,750052.1060541125,94926.26910266955,45348.897656804686
5637,628341.9267619589,109946.0490176146,40241.5458167859
5638,532738.9291296055,77243.64887928394,37318.13522369541
5639,465113.5964333654,59266.4272318924,24180.020950567377
5640,432036.38294030825,41752.03578208289,19476.870575188135
5641,404099.42811507895,33025.871898678524,16014.524695911603
5642,385967.99647524924,36914.45319052812,14836.387093551451
5643,371059.2766960391,37890.54870605731,20529.67439006317
5644,379677.15021636535,54799.098744890856,23985.75357996544
5645,414204.1823506411,77922.5960810081,37346.335325879554
5646,429298.9472182406,108829.03677043441,38399.1391407546
5647,416065.40229864995,102122.67378874384,40207.079025227504
5648,411982.94256305776,86129.14417782145,41726.7511984846
5649,377707.80349563714,88493.71353024292,39508.34315999795
5650,384054.15477038635,87967.01001743444,38712.47360946742
5651,398808.35379486985,77044.35475249936,37195.93478089741
5652,444260.1545943537,84464.1317274726,29729.174391471217
5653,531041.8786192863,74763.06199416888,33175.853547312094
5654,607497.1514640597,74981.18970078406,29516.1069527465
5655,702232.0961002365,92353.12288037974,34833.392886802845
5656,792920.0836644421,97461.39629236533,32154.38317930835
5657,840390.9806395994,117234.86223817829,41736.15123254601
5658,866714.1851334445,98850.72467780868,45934.833113297624
5659,868732.7304793618,91363.87401950623,42203.0195909281
5660,835216.048174656,99993.82578957645,51888.18801884098
5661,712399.1434535774,86155.7524738811,38627.873302914944
5662,580047.7870990224,67701.72624671998,31737.6483359203
5663,503820.8249563064,56936.978149333016,25145.091114202838
5664,465417.9593592963,36796.19037340647,18351.99983250915
5665,422629.18642532825,34469.12062210681,15873.524184990843
5666,391989.0552323973,33679.60154022026,15228.055179442452
5667,371486.11975377315,32332.246568901228,19649.204532980177
5668,361663.3626168784,42236.112402463295,19072.669110548613
5669,365576.6126247566,63052.647012011126,24292.821359303995
5670,398158.2720067785,79100.59963653672,33686.58873131397
5671,414969.88707482803,95213.21310142393,30803.911619156148
5672,431185.9849390544,95885.67578767266,44788.02895780876
5673,396724.8825170383,108653.80404991047,37020.467478418235
5674,398665.98973661393,98718.80583972445,38668.606783847616
5675,436004.4585964259,96782.78420771989,41570.083964128215
5676,477512.67468874133,95772.54026185718,28146.835324471533
5677,556584.142755194,86053.15638019507,31897.448914963843
5678,663266.9638414099,92959.70154892915,37459.13573461618
5679,731182.844264624,106237.81098174126,40000.27827587704
5680,809441.0935669934,115819.93090791175,40720.94755391651
5681,832484.628219723,119243.62103214435,47376.17166937654
5682,876508.2085914968,89921.83171756173,47893.17354275268
5683,863042.3393505741,103306.45811388241,52922.19176559322
5684,810510.6871936256,96869.42872845323,49046.244387615814
5685,725979.8372755415,103382.49617907061,43002.02248614575
5686,587496.653880913,79138.1830169283,30637.84435073834
5687,519595.14265981765,51484.505985673706,29716.64101272269
5688,472082.5765266478,33255.51087695173,19016.268906180307
5689,439243.4975676821,41416.31549250375,18796.93477808134
5690,417512.62834710925,31683.62746281178,20877.475650334378
5691,399025.35295747925,37020.28316402491,13166.314375312184
5692,399293.08053489844,37398.91519554917,20498.34094319189
5693,407449.6246679929,52633.22030851192,27062.698062725212
5694,441246.5007446229,82886.45078786874,33548.721565080334
5695,457594.3813333344,106744.97716885361,35328.46134736909
5696,471142.3542867283,85660.09755842689,38120.2714636002
5697,458770.6680995047,80376.67520518709,40846.28134140166
5698,451212.1348836417,97660.74068671164,36077.3307275927
5699,484009.0924516301,113060.40932222664,38493.139481368446
5700,554938.6164248128,100755.17828098667,36866.93358874898
5701,632400.5287294509,85077.19491149741,35246.994385503756
5702,701419.1206548068,69993.82653084297,45558.83175084227
5703,779150.1919343871,93597.06072116953,43290.29019736153
5704,830576.8431560702,110624.25896176543,42334.62006778748
5705,871655.943167793,109963.42483815226,40019.07834399983
5706,893446.3768031175,89566.70814911793,44377.56080379497
5707,881195.1380909984,94286.7149135627,52098.12211287856
5708,838504.0237979487,97904.37080302626,45897.23297705208
5709,714730.707047709,88090.60119610965,46978.23689411127
5710,612490.1991034887,69595.62366191464,38298.872110766504
5711,541474.3646636163,56312.4036936501,23384.151400036848
5712,489638.9516636605,39998.50215535924,21479.077830262973
5713,447945.6048014564,34549.31413907256,15140.321528202872
5714,426452.88078924257,37109.99400602964,18311.26635157649
5715,406545.86484892707,40834.04956802408,20761.541896910647
5716,395666.2775322251,66524.04105241623,21516.677966508516
5717,414755.31527216855,90554.24791288936,37734.87006708345
5718,413517.1842418503,100770.00721172523,46370.36802480844
5719,390272.4719850149,92428.03830335371,40576.81369830862
5720,376532.21771580895,87639.90223678145,37001.667410295464
5721,349030.23999042856,120066.68533362256,46975.103549424144
5722,329025.6694486504,83331.45275685673,41212.882669795625
5723,342466.9484969303,96423.42140822878,37597.00290084981
5724,375034.6679399927,86204.57903226762,32320.450447726133
5725,416761.9458108604,70524.04877297924,31681.24813155201
5726,503613.8310466312,69888.80083833537,29838.841455520687
5727,593951.2270283889,99096.54981098972,35729.52946732149
5728,684086.9353496131,107549.67705441151,39683.810462477115
5729,732955.669038722,112053.11440665774,36998.534065608364
5730,728781.4632009647,94396.3987334661,48469.70896518425
5731,724361.0989103406,106218.29041189906,41733.017887858885
5732,692609.6354372492,94194.87607810728,38881.67422257235
5733,566792.5177317135,96476.25261570756,42904.88880084479
5734,456890.4979751472,66789.25270860804,37048.6675806024
5735,381907.39159962576,55651.670105160665,21582.478204938205
5736,343170.21514922706,36835.14773382129,20846.142203463103
5737,314841.53625674074,40750.0022046517,14416.518905476289
5738,298002.771585064,29005.32150118283,14366.385390482234
5739,286851.9644052534,55125.25144186921,19505.07067737228
5740,297487.4346574836,73665.88867805582,28460.16979318434
5741,317445.296170336,77105.29579328594,36230.86461726198
5742,342106.17653645726,99721.54316302117,36957.800584675686
5743,337912.7078190539,108404.07480276094,32411.31744365285
5744,330734.2861541964,80133.07860058025,40858.81472015014
5745,321493.9420239306,82279.25215272361,39749.61070090681
5746,319714.3368378401,93299.37622003851,35425.59503267007
5747,318838.4797798171,84059.87999527121,38151.60491047149
5748,310542.7109066267,72550.46823700004,43678.82493856544
5749,343283.54289748834,75427.347823694,38361.53900450907
5750,360471.9936052419,55939.083267825394,36512.8656391035
5751,408786.5559545093,85513.18223106464,37308.73518963403
5752,474556.48102604365,95826.02494763967,36763.533214073745
5753,496424.6408226938,110037.6365152609,40448.34656613636
5754,499919.2075080009,113864.02007727824,44819.36240468003
5755,505552.74802604486,105452.56464260994,46771.43614476082
5756,465845.9802047958,105688.36977513373,52756.12449717544
5757,397571.3744788454,94474.51452454312,44076.759713830674
5758,316084.09076141135,67986.6427871474,33135.12006637943
5759,264099.7489689352,49484.7953528362,22936.083109777534
5760,241516.77310747292,48560.87756648191,17086.12857890941
5761,237343.41847795385,34228.42278023197,19085.202489297124
5762,229776.56539075507,41323.60535264344,18154.59911722009
5763,234267.22781161117,40220.6345110665,20971.475990948227
5764,246707.61384906076,62221.7577267421,26511.22939779067
5765,286758.95873693656,94160.30875142527,30622.177627302706
5766,311137.4568867226,92340.63976919309,35817.26311856107
5767,316840.0186580748,89246.9226766375,41297.48297634807
5768,326943.7474877342,134407.33373245,39724.543943409786
5769,314872.2266449004,113037.05166183172,45107.63011589584
5770,317605.2804251852,86956.39744278505,43566.02452982881
5771,321705.8135902368,87106.16126531744,36230.86461726197
5772,302084.14292133437,90371.52532565335,36519.13232847776
5773,318864.35881623335,82408.79165954811,32900.119214844824
5774,332402.3880055383,74342.72464218334,29246.639309653474
5775,357595.659523633,92457.93074678608,34156.59043438319
5776,420783.64375583234,107882.71640735994,44158.22667569601
5777,409425.2433586816,116226.44468039529,44972.8962943493
5778,437952.602116353,97825.71882462321,36845.00017593908
5779,447355.2330099312,97247.05540874098,47141.17081784193
5780,430870.4703333194,116817.42364892465,41488.61700226288
5781,361931.90059129434,110878.93118582778,43180.62313331204
5782,293618.32549149956,72354.19016392512,32329.850481787522
5783,248829.61606543433,51452.703374892015,22099.480078314336
5784,237254.27436322856,41280.92819265355,20022.07255074842
5785,224633.81939449135,36256.802679163986,16813.527591129267
5786,220620.09989691403,38214.79123568627,14203.451466751574
5787,222052.24834075297,52808.97246050813,25756.093328192805
5788,234677.52298593151,77307.72326475756,34867.85967836127
5789,266262.7631122657,92234.29036422407,55231.46680000663
5790,308532.17761353386,96541.13128217039,45386.49779305023
5791,315914.17876614013,105338.79239434465,40558.01363018584
5792,317508.4006452871,90577.27045620556,39035.208112241606
5793,306782.9392652955,103487.2370220611,44227.16025881283
5794,301953.8873715885,107654.87030545855,55215.800076571
5795,289418.9187789527,91136.53059322301,41917.88522439943
5796,314939.51450900664,71646.50667269058,34736.25920150189
5797,313105.6072461318,77700.14536407593,25135.691080141438
5798,352888.9893516172,82022.11681813179,29763.641183029613
5799,463928.5216149652,90328.49629273075,37424.66894305777
5800,574576.6881645293,111967.2238993517,40388.81301708092
5801,677613.2789658582,116379.02348638988,38969.40787381191
5802,664909.8732496551,111390.31984813344,42688.68801743295
5803,662777.3637891106,99287.0136027469,38195.47173609128
5804,625753.5006652395,85620.41969629253,51822.38778041127
5805,526695.1124642078,91704.8388913691,44778.62892374737
5806,411882.2628065442,68802.65287411604,34977.526742410744
5807,360397.53588078084,54895.9308248209,24126.754090886196
5808,329264.65566422377,42282.55962959012,23973.220201216933
5809,299723.2300706035,38496.993327775075,15177.921664448406
5810,286570.8309033394,28037.553645062744,19417.337026132696
5811,259246.43295994203,41192.490795548416,19928.07221013458
5812,259281.64038001068,62482.043161874964,31443.11393533027
5813,302552.4720885867,93751.51618280566,44280.42711849401
5814,314350.05076326634,105799.61188945378,41667.217649429185
5815,303294.3813767674,98430.47110509287,32840.5856657894
5816,295153.38096963475,102552.0928135659,34319.52435811384
5817,281023.79701718607,120093.93035213204,38499.406170742695
5818,301185.41008999397,95804.19206995342,44553.02810627417
5819,294251.3275321114,73316.57939092981,52427.123305026995
5820,284884.937717249,80563.53648834668,36221.464583200584
5821,309972.6157226814,71932.6799021636,34914.85984866817
5822,352759.05911336635,77126.29087827509,36387.53185161838
5823,412386.8253482843,96264.4921335902,38455.53934512292
5824,500788.2424001425,125080.18763571302,44180.16008850592
5825,598414.7351826106,108535.75905888999,42914.28883490615
5826,575876.1162358356,90861.29893637399,48024.77401961204
5827,556913.6614523104,78613.54047415471,50797.78406772039
5828,517955.2625961021,105051.46301094962,50500.116322443246
5829,433522.73400655127,99193.04677384089,39962.67813963151
5830,315719.4572593521,66261.560600417,35362.9281389275
5831,248722.2150523412,46337.77788889152,19176.069485223838
5832,220168.94028714314,47124.817104394686,14848.920472299962
5833,197844.0235617042,43851.10862879564,18355.133177196287
5834,187419.3458557497,33360.452790189614,22823.282701040913
5835,186764.59855561482,39822.649468239404,29954.775208944444
5836,192195.66367466873,57986.83293391425,32846.852355163646
5837,205562.26120615858,85151.07147152707,49632.17984410878
5838,238329.56423741297,105795.82506646299,63459.629948404996
5839,271303.0073632658,121234.21648043752,97635.02045091089
5840,284047.31277275895,116605.6296550996,114016.14647521645
5841,284628.4381072177,118951.21462500498,111290.13659741508
5842,281805.1641753101,142383.6899078102,108034.59146748896
5843,290740.9730510446,122691.42283019939,96444.34946980226
5844,295470.53807305015,112118.14387580604,67714.71203352492
5845,334231.7620500056,93032.65653699196,40156.945510233454
5846,352839.93472086405,87597.10778581396,38856.6074650753
5847,422976.61149379855,95043.710882948,42657.35457056166
5848,473516.7144466475,103867.96353532815,47561.0390059171
5849,514361.5833440603,86254.76281482352,43775.95862386638
5850,520002.0652137678,93910.76381866915,53871.59520579305
5851,512965.0753654068,97398.44454910576,46166.70062014509
5852,492477.59354757535,98662.99209024408,57468.67490661611
5853,370661.18097442616,94366.00361441559,47081.63726878649
5854,276905.30411434773,68937.83910371897,41197.21594635998
5855,230188.37835621284,63213.637256684546,27322.765671756842
5856,210309.6952603117,41427.02248317264,21526.07800056989
5857,202168.18641428233,35867.37987770119,21563.678136815433
5858,198193.5119519279,44553.7150962858,15914.25766592351
5859,193545.91216477417,36501.086273782385,23092.750344133936
5860,193175.02015517067,44399.09207611028,28986.571700621855
5861,213096.496828868,68802.1501984978,36798.000005632166
5862,233827.66428128304,85424.97941591465,54021.9957507752
5863,273360.3166056049,107548.15227170275,66780.97531676071
5864,305811.4761997857,116394.1540224994,70296.58805571844
5865,294927.0279257904,129747.1118548699,81159.89408599144
5866,304186.87024168397,124698.89142341196,87927.91861018815
5867,306497.6853267108,126824.67310130807,70459.52197944913
5868,296535.4239989708,90006.95145558639,54914.998986606704
5869,304362.86301399395,85165.74959958017,38590.27316666941
5870,363989.9652607305,90496.92613655434,44249.093671622744
5871,433379.15925509593,96518.29305324769,36807.40003969354
5872,517070.5100859603,99157.34004909087,46060.166900782744
5873,557346.097458878,113204.40913100295,43744.62517699511
5874,579112.8336480032,102365.44935650742,39267.07561908908
5875,571804.4077763668,110030.16340440286,46088.367002966894
5876,496167.99222379463,107029.42454537062,52627.6573650032
5877,381442.51363545354,94067.66563498073,44581.22820845829
5878,271852.98447118606,75437.48511532883,38621.60661354071
5879,233888.0509396265,57642.751473218115,23155.4172378765
5880,215340.26082561704,47285.438720281374,22879.682905409223
5881,203798.3025568565,49353.12785256101,21475.944485575856
5882,196551.93012739375,51828.40313197644,20282.140159780047
5883,199030.89055431564,56574.78361052569,23923.08668622288
5884,206641.9858765626,72724.64533872569,40122.47871867506
5885,258236.35447399205,107914.16714520875,46031.96679859861
5886,272374.0622134147,106985.67501072846,46298.301097004485
5887,279513.2813263926,105057.5118742227,51292.85252828665
5888,300361.9065191245,101720.43275901549,62610.49353819325
5889,290021.2202194663,113087.18517682572,63165.09554781496
5890,266761.2279597008,117044.88436618549,66802.90872957063
5891,269553.33915077924,102816.58396803815,55801.73553306396
5892,250795.2716067731,101860.99761773381,38439.872621687275
5893,278175.8111786882,79670.3824498297,32473.984337395406
5894,319460.6035535497,74688.16332704878,33373.254262601164
5895,408722.1111530636,89128.00638121211,30769.44482759773
5896,527580.526548989,111593.23323936935,44618.82834470385
5897,561205.0019374503,127447.94060038346,41855.21833065686
5898,542082.1627116259,87942.8145643424,40981.01516294812
5899,534950.5031780199,94286.63113429298,45489.89816772545
5900,483945.0196501846,96307.06875845649,50042.64799812253
5901,372837.82530334225,97541.02011029705,43027.089243642775
5902,290127.8387509806,77991.52966412496,33827.58924223474
5903,232345.10086646152,46425.1429113444,26119.56131189966
5904,221647.5829502517,42371.51645816746,17220.86240045592
5905,205437.192040632,36853.05974168511,18646.53423309919
5906,208887.36921965727,36710.1825751229,17330.529464505395
5907,198184.01536196982,54407.29661216832,22459.81471733407
5908,215377.5117776817,64483.680717915784,32618.118193003294
5909,235602.76639677637,90414.52084686824,47614.30586559828
5910,267674.7874912043,128886.98360447238,53342.0599536684
5911,270821.34541600815,99373.65812348021,54495.130798531536
5912,281401.4699198346,100018.37311560131,58092.210499354565
5913,287184.9169876704,114140.6759817124,67304.24387951112
5914,286760.36442744144,100076.73375488077,72217.32834892793
5915,269141.6942602169,95451.48134447727,55059.1328422146
5916,271913.2853866645,82282.43576497248,42193.61955686671
5917,313447.0853608015,78733.9815522888,33921.58958284858
5918,377982.6027690599,75180.26600146729,34244.32408562278
5919,485340.1741591349,88312.29789961447,40241.545816785925
5920,571167.8693719252,104437.0593586095,39185.60865722375
5921,651828.6843912221,107580.12244102386,41200.34929104709
5922,658614.5054055856,110975.69624234206,49726.18018472261
5923,643739.1229124696,101612.89368841665,40893.28151170855
5924,595973.7298402819,98180.79212550518,47034.63709847959
5925,458473.35797054943,98260.48296685267,45333.23093336904
5926,356940.26718262106,72143.58583572984,33589.45504601299
5927,315022.03948315646,58368.51453085588,22077.54666550444
5928,282718.73507371376,47578.93425792703,15807.723946561155
5929,261948.71421724648,36960.69934740763,15494.389477848346
5930,251474.90622349762,44236.375978480864,14648.386412323764
5931,246590.49372587042,44410.05040458827,23876.086515915955
5932,252491.29564641407,60194.36642319263,25928.427285984846
5933,303830.48797238834,92412.52238260364,42033.818977823175
5934,304129.5310788204,114854.27428938838,36707.13300970545
5935,306966.09139502095,104810.29600516448,42381.620238094394
5936,293552.9352769045,94474.71559479037,33131.98672169231
5937,318901.92560066306,101172.86820804945,38844.0740863268
5938,307762.6898431724,91595.27236244333,47752.17303183191
5939,295188.4335382761,80409.78477257617,43431.29070828229
5940,303392.42864451103,86099.48631634426,25239.09145481667
5941,303560.5727123507,67157.34530800283,30929.245406641272
5942,360216.7786947438,77867.01691348298,34144.05705563468
5943,441449.22682169295,95916.23846526265,23976.353545904054
5944,535773.4489083551,110314.14161700955,43822.95879417331
5945,604166.2610876325,103366.07544220754,39160.541899726726
5946,626266.3117150235,100714.41128834622,43478.29087858923
5947,607328.1804082992,86231.69000394567,50847.91758271447
5948,568634.205538071,103964.94641794362,54413.66383666621
5949,458356.50440918043,89810.03666006164,42519.487404328014
5950,362447.671856615,85459.764568698,38875.407533198064
5951,323240.83820200036,53330.76650811162,26962.431032737106
5952,287518.72936572006,43342.0657860419,17756.664341954816
5953,265976.35895844013,36115.80216824323,17584.330384162775
5954,248914.01513541056,36906.44389234391,15666.723435640391
5955,242758.69116891225,37897.938037645676,20012.672516687035
5956,228765.6052519162,70720.09226409897,23678.68580062689
5957,263232.34111563966,111152.45374557472,45070.029979650295
5958,279979.82432368444,96798.28337261619,37587.60286678843
5959,271790.15261404414,96077.83192067791,46335.90123325002
5960,269186.0988068238,95649.25068855302,46846.63641725189
5961,275941.6349274255,108059.99334206482,56826.339245754825
5962,255418.32080927043,109183.27227861933,68319.44755814063
5963,273649.9809241942,98636.21623564498,56873.33941606175
5964,265650.1642610429,91059.77202631533,42281.353208106295
5965,302303.2146845874,78993.69728838766,39677.54377310286
5966,335049.8263068995,71592.21770591894,40088.01192711663
5967,379242.7526900668,115494.18035142793,40554.88028549872
5968,456805.8781675079,116868.947899796,40984.14850763527
5969,504861.1052882633,114692.74785738887,43362.35712516548
5970,480250.69478483114,112565.57544361561,44493.49455721871
5971,463942.42757207534,112488.9844352474,56024.20300585005
5972,427878.139566495,104035.13669010607,42929.95555834181
5973,332735.093242137,95331.76076806261,43810.42541542481
5974,245966.96800967306,76999.06367929454,32445.784235211257
5975,209663.77357411725,52611.18636057836,30672.311142296756
5976,191897.51513561167,46113.40024875609,25893.960494426443
5977,180834.98929946066,37729.94384602455,21657.678477429276
5978,178772.83470250058,50581.46599333102,23766.419451866474
5979,180057.58013206007,66811.00180702459,28883.171325946616
5980,204744.23927386734,81655.01281411953,45728.03236394719
5981,251190.07625693525,122632.60978286347,59981.61734569278
5982,275482.3596551544,122059.9449626925,73423.66605347226
5983,286893.63216252776,136114.21906179964,77146.07954178042
5984,280310.0294976344,135736.47509053434,88516.98741136819
5985,278409.19704445405,135940.64517081587,91571.99848131809
5986,253291.08562973732,113976.6529274755,93433.2052254722
5987,267279.30049450014,110086.26200340019,77647.41469172091
5988,248525.02881884165,80552.8294976778,43337.290367668465
5989,250990.38505132424,71363.8354166914,39661.87704966722
5990,304606.54014020006,82268.76298815597,34949.326640226594
5991,355373.1527771276,89722.97324297963,38076.40463798042
5992,422502.22061420383,100090.8924514616,40840.014652027385
5993,489877.8622187453,120634.47420029645,46508.23519104208
5994,490597.0088580518,108678.65298130622,38919.27435881788
5995,505507.0156412056,110272.78816948095,39520.87653874645
5996,459420.92770459445,112109.7659488351,48378.841969257526
5997,352699.99065065355,86070.39815390123,49462.97923100384
5998,285884.0865242919,67327.16588770361,33241.653785741786
5999,245801.16384790884,49377.28979394519,29782.441251152388
6000,223002.7403588766,41103.41667599346,25577.492681026502
6001,210421.3853192769,37870.458437181,16418.72616055113
6002,203312.028062193,41248.99153504035,17932.131644433986
6003,199241.60255610273,38412.39302122264,26755.63028338666
6004,206922.52134511102,53560.5898007782,30954.312164138286
6005,219295.40185062535,59541.474574348,35478.861892351226
6006,256936.13763013238,81798.79479679465,47044.03713254097
6007,287299.2907980134,111516.99410393387,55761.002052131305
6008,292405.3290474635,111754.84345063858,57697.409068776426
6009,283284.519315369,100300.05577621792,67824.37909757438
6010,278818.6485347877,104869.10905250034,75557.47378540647
6011,279499.4660939509,109327.42289008108,63052.295139078335
6012,266422.3036779548,90874.93820148274,52962.925246525905
6013,302538.2018913333,76111.95850405055,44308.62722067815
6014,333992.9078347025,73853.57099805863,36092.997451028335
6015,407905.46649192914,82530.82454380668,42751.35491117549
6016,513134.11613944854,98602.70452776128,43070.95606926256
6017,598106.6879968632,111369.86095047044,50083.381479055206
6018,608140.0412570229,103062.0572282864,48635.776233602024
6019,591338.097703069,101755.43573790006,45753.099121444204
6020,536469.8793971346,112626.41594927848,46605.36887634305
6021,438646.8356450432,92161.35213201513,43998.426096652474
6022,325182.5154346009,81966.82250012363,33263.58719855168
6023,276214.0457013844,44665.92905013445,24114.220712137685
6024,253815.02477310968,46097.31462897186,15835.924048745308
6025,235409.40733090276,34778.29963904204,14043.650887708041
6026,218796.82622135562,42817.758360347136,18878.401739946672
6027,212301.49706299082,43455.385626250725,17715.930861022152
6028,212806.83762583107,41247.63431087106,24609.289172703928
6029,231801.49997914734,59902.14433044661,29679.04087647716
6030,249099.4439387039,93521.65937843123,34062.590093769344
6031,291525.75491381605,112873.09563101057,45010.49643059485
6032,307365.92484195234,106916.70791590372,46270.10099482034
6033,317827.2371386035,108503.26945809675,54325.93018542663
6034,293537.65317056514,92853.05053858917,59636.9494301087
6035,300111.70945180353,108568.18163626752,56381.40430018265
6036,288066.80352076166,103504.36150478975,49196.64493259795
6037,297479.00378469715,102038.84425147265,39608.61018998604
6038,301756.2935004171,72110.07412784612,37503.00256023597
6039,410060.5308923579,88814.6719124993,41281.816252912446
6040,473901.1802167325,106247.76395898279,45555.698406155134
6041,538124.9003040186,116951.3196777741,47824.23995963586
6042,553511.5998195317,111005.94055870707,44242.82698224849
6043,534869.0744875066,105013.10886127676,59696.48297916414
6044,492264.42993512336,96573.13496319938,43540.957772331785
6045,388291.65219598304,91123.71236495752,48068.640845231865
6046,272947.33250143385,68576.56613687852,32693.318465494365
6047,224623.9224074438,52877.97306704069,27802.16740888744
6048,200149.8354048508,43345.98665586431,19830.93852483361
6049,183158.6262967427,45585.69138471106,19633.537809544534
6050,174452.1152846022,49027.628633886445,29183.972415910917
6051,174631.9698298844,56288.42606665929,37296.201810885526
6052,201987.5104753859,88439.08944639248,51784.78764416574
6053,227955.46901740105,116783.76113835546,67598.77828010118
6054,268233.5815631688,130265.3369055838,93511.53884265038
6055,265575.3793519484,132509.07979523062,115570.28544003204
6056,257396.09663229663,126499.55926727413,108874.32784363934
6057,257108.24826350182,145136.81075728955,126142.19041440218
6058,255462.7409429729,155834.5857064709,121025.43854032202
6059,258196.0795035352,147208.856411594,110246.73281660143
6060,237331.07682800273,108632.77545321337,75021.67184390758
6061,233045.57679539445,90228.64815909119,50102.18154717797
6062,271164.6409474615,79544.84759209729,39639.943636857315
6063,306165.79067776294,102535.94017036591,39038.34145692873
6064,369384.8693844527,112207.25150706882,44809.96237061865
6065,414761.6417328365,111032.73316916024,55344.26720874326
6066,404344.2561772358,120567.43402867512,40630.080557989786
6067,420937.1459360741,114579.27721449452,52044.85525319738
6068,412068.4740168259,104448.75494466085,52217.189210989425
6069,289794.7130310404,88263.01893317138,49425.37909475832
6070,210427.63149122227,85461.60771263168,43678.82493856542
6071,191161.43773165732,75890.37909152337,35538.395441406676
6072,173380.51409478427,61495.20714396904,47896.306887439816
6073,168291.30564019544,70098.43332700199,51198.85218767281
6074,170424.82769898648,73853.23588097976,56672.80535608556
6075,180156.9130767681,81181.71020782378,74573.6035536483
6076,200223.8942121099,123575.21034636287,95792.61377487962
6077,233953.70611768667,151056.41937299402,121225.31576646656
6078,272651.6888399349,175697.04199256917,133433.48350134923
6079,259254.6513402731,192851.7690375164,153361.55571148384
6080,261139.6353996214,166324.55455506532,161364.11804240895
6081,267114.4621756834,193199.60192169444,167123.20557735028
6082,266832.8258428186,200830.92344048485,189667.62060123682
6083,273586.31471916754,191422.4779404218,189741.42457452958
6084,260313.67082204547,174153.25814548964,154254.5589473153
6085,260810.2246655257,160930.56032166316,128896.40039438776
6086,264820.60199220176,150510.59743083778,112170.60645449805
6087,294081.2568792971,135811.75914229517,89563.52453686896
6088,337665.836429487,155709.05084873858,83231.03492418311
6089,360814.9592904227,148591.19760594377,75805.0080156896
6090,385846.7060571081,118642.77286564323,74341.73604680077
6091,373001.15153572656,115075.14995605002,73881.13437779296
6092,354962.6397397237,128501.78327820286,81893.09674277945
6093,277384.72681336734,126869.09287010795,77321.54684425956
6094,216155.3406828136,111788.48920535385,70738.3896566035
6095,196855.74755000882,81721.61733353842,57171.00716133893
6096,190469.66978709327,68233.22193375579,51715.854061048936
6097,181398.61847651956,59841.32058063761,51151.85201736589
6098,175321.1339437578,74287.44708002916,49086.97786854846
6099,180454.41468077098,81884.33343116789,54341.59690886227
6100,198632.61646587116,94105.80195855243,72185.99490205669
6101,232704.1188037759,133865.41590426237,72223.59503830218
6102,271171.03123874986,113308.88188033049,74843.0711967413
6103,274872.1744390167,117789.16264242896,67091.17644078641
6104,297996.9637169813,121229.89347012054,70738.3896566035
6105,304187.8505888208,116323.64538911205,71681.52640742906
6106,294713.4557229392,112333.90900701542,73028.8646228941
6107,279012.98554829037,117872.38896895829,71177.05791280147
6108,267720.9406235384,83718.31191266638,56528.67150047766
6109,258192.479954498,82095.70852864439,48388.24200331893
6110,263806.0176777773,73696.83674028647,38458.67268981003
6111,297331.9502922715,93121.78092410867,46373.50136949555
6112,351896.73021039553,123039.50893998763,48667.10968047332
6113,384418.16005817906,132958.58908892891,48723.50988484163
6114,410691.64241816354,106598.26291173857,47723.97292964777
6115,412603.8104562973,103242.31670499295,47219.50443502013
6116,410711.58561553096,105236.59844115324,46348.43461199853
6117,315624.95703669795,118174.21216601299,53790.128243927706
6118,245246.00113125934,85387.24523283768,41648.41758130642
6119,202965.95941078727,57543.50655032046,31493.247450324314
6120,195838.04552867758,45254.00925593192,26379.62892093129
6121,189684.63548782922,42233.19688387739,26263.695167507554
6122,188865.06933624978,54173.502182117525,28911.37142813078
6123,192403.75762425503,53970.756349421004,31355.380284090676
6124,204030.93137938058,82649.97542118728,49892.247453140415
6125,244566.13406545477,115009.26593835054,59380.01516576422
6126,277190.8910737006,103519.15692382034,61726.89033642315
6127,281696.588452819,106483.03290418045,59759.14987290672
6128,277594.27309730265,127619.06813669179,57026.87330573101
6129,270916.7787367706,108902.52794582346,71916.52725896367
6130,282617.47328828793,112324.22412343703,57515.67507692301
6131,263748.81197395443,108735.1704766521,56741.73893920237
6132,266375.63110333023,81803.82155297723,48779.91008920994
6133,296244.8587714384,77322.71975403553,35024.526912717665
6134,330025.33504403784,106247.16074824087,36754.13318001235
6135,396507.9652115896,114795.00883399586,36080.464072279836
6136,493272.5429991674,117504.71526591197,40918.34826920556
6137,559066.4735570757,117727.61839090052,39545.943296243495
6138,581242.1044115837,82368.64463350343,49506.846056623624
6139,601883.3466215971,107518.82952730452,46407.96816105398
6140,554188.2869982974,96207.62276531161,38596.53985604368
6141,416229.0990909667,106019.85083366561,46570.90208478462
6142,339143.66632371617,81808.39590110334,34250.590774997036
6143,288591.5228820692,75706.60088548904,31718.848267797544
6144,254049.4268172501,76747.2902179641,14714.18665075345
6145,230220.9901858484,51432.026651127766,20219.473266037487
6146,218204.9562317192,41280.157423372235,16287.125683691751
6147,212837.0116037028,47103.470146472784,22086.94669956582
6148,219274.5945125387,75374.3993252377,23042.61682913989
6149,265921.76384284557,94800.81802420686,48642.042922976296
6150,278062.3313108425,110536.55882223365,46592.83549759454
6151,278416.63253918674,102219.67342721326,56284.27061488168
6152,263985.5809630772,84706.38786376403,54426.19721541472
6153,273127.3678386116,104235.05078348638,69184.25069178798
6154,278885.1352737398,111102.77263863721,66683.84163145976
6155,284776.79085552646,103470.86655275998,58465.078517122805
6156,259772.02844345281,78283.50041906186,39414.342819384095
6157,295341.899634254,82248.85703367305,38580.87313260803
6158,367110.6152212988,85378.0797807314,44606.29496595532
6159,434436.53689542925,89857.15412134609,32185.716626179623
6160,508298.4019495397,97687.147912524,45258.03066087797
6161,564759.8871996845,107940.4068124817,47918.2403002497
6162,550494.4369907705,90004.52185676483,43898.15906666438
6163,566097.1834652479,119102.25189243697,39727.677288096915
6164,546065.5130905347,112361.08700210908,44468.427799721685
6165,424721.72208944714,97068.77312279964,49478.64595443949
6166,314062.44743963226,74716.07857971596,34397.85797529205
6167,261836.51232798593,48171.99095234528,28513.436652865515
6168,238492.50065034462,47415.02849466775,22932.949765090405
6169,218933.79656125754,38761.400702977655,15914.25766592351
6170,203472.955951646,45519.85763457351,15506.922856596855
6171,194772.71597408527,36561.876511883456,21475.94448557584
6172,200070.04428617985,42683.86233149773,23757.019417805088
6173,209193.34247611146,64280.43220960099,37318.13522369542
6174,238139.36077551506,91905.72482427815,40188.27895710473
6175,283000.2755475064,102807.0331312913,51856.8545719697
6176,296883.0706319919,109539.06608122082,63302.96271404856
6177,303940.88549828815,100140.7076052308,62867.427802537786
6178,283271.17599013314,126003.04980326888,59311.081582647406
6179,296406.8076399827,116642.86116255837,58775.27964114849
6180,305929.462196314,93375.58184376606,39968.944829005784
6181,339977.79655830376,101773.4650367415,39846.744386207785
6182,396789.8511349245,88336.912249055,30797.644929781884
6183,493868.9414938108,105444.28725076263,36512.86563910349
6184,569243.8583621411,102839.35517354509,44574.96151908404
6185,619141.2154574788,129098.69381902774,55300.40038312346
6186,600881.3698394323,127485.25588711201,53724.32800549803
6187,585104.2756959532,118692.2361464796,54554.664347586964
6188,538970.1723073227,100583.49780149838,48920.91060013068
6189,445656.23253127455,88861.77261792988,45160.89697557699
6190,341133.187578177,75570.86171270604,35256.394419565135
6191,287866.09710508905,52884.97701398842,31123.5127772432
6192,255846.548986953,39367.07455541413,22274.947380793503
6193,233037.81405492502,39106.37022393268,15942.457768107659
6194,221915.74445990042,32218.105691849272,15948.724457481923
6195,212022.22310818077,34806.617032203765,22212.280487050946
6196,213662.59211465612,40110.44801554481,22851.48280322507
6197,244383.93804303434,67419.55766633908,30346.443294835437
6198,252115.1326986301,79165.54532641539,44662.69517032365
6199,285524.2521824139,115372.71716620348,45113.89680527008
6200,313385.02790295484,122150.00767763,64697.30109982056
6201,291231.40506152366,117472.61104975939,57590.875349414106
6202,283364.09390107956,130594.40512114801,66314.10695837864
6203,287257.1592857943,138913.51904474283,69124.71714273254
6204,277937.9317492701,126132.00285520546,73539.599806896
6205,268309.6206172976,81944.77179633615,53479.92711990205
6206,284102.0353003148,88635.2334726359,50694.383693045194
6207,316757.84645874344,112260.98753066035,52138.855593811226
6208,338263.5673804477,116281.63846327967,51289.71918359952
6209,406195.5276329867,110969.83169346246,41861.48502003113
6210,396700.65630569996,117764.397490303,53273.12637055159
6211,413725.3655535347,96354.21973144893,48814.376880768345
6212,401602.7057265609,121572.01449590545,54438.73059416324
6213,308540.6183991491,100496.283581731,51762.85423135587
6214,236095.1439349198,90210.06591706969,46987.63692817266
6215,195577.20490046934,65114.85698005176,49456.71254162958
6216,190327.13348086033,71070.85931051792,46241.9008926362
6217,170949.93598993216,65821.60214346553,57434.20811505769
6218,174719.54518424592,73352.60447690485,66032.10593653715
6219,180540.34120839412,90203.21277280744,82253.4313817992
6220,194339.26161494455,118032.44088581091,98415.22327800583
6221,242052.64566124944,172195.87279970935,118487.42934374826
6222,272118.19688415417,181289.66011859814,143789.18769230752
6223,285315.3980559432,164368.61021272404,163961.66078803805
6224,276320.1449652202,177985.12087174607,170501.66035356393
6225,288581.13859045523,202108.62432696755,197970.9840221262
6226,271268.7525008232,206214.86416152204,197908.31712838355
6227,268313.9777248732,198879.21832919077,182361.31753700937
6228,255971.39137022066,137299.67897233248,135398.0906201785
6229,241796.04544557826,129478.33120178853,87016.11530623387
6230,255832.19565055342,109932.15841469685,53320.126540858524
6231,302884.39190307516,95756.90705012945,48930.31063419208
6232,326460.0585415412,109568.97528050705,42146.61938655978
6233,386354.81456059456,115459.88111840909,56393.937678931165
6234,393269.3697846842,113755.02324738646,53085.12568932389
6235,407193.40862419864,95535.62924297324,51496.519932949974
6236,373821.50575325865,104725.0924878701,59032.21390549301
6237,286748.40361632593,105890.49564123443,52552.45709251213
6238,217326.10019142448,83598.47404527424,48106.2409814774
6239,184893.98820113193,66227.3786583756,44217.76022475146
6240,171867.8543450894,57842.17964683413,50318.382330589826
6241,168780.25269022933,69755.15614729506,59677.6829110414
6242,170755.25420359257,79779.5803499688,74263.40242962258
6243,174209.81782398134,104996.87243880708,88708.12143728303
6244,194506.1946769897,130913.73818557203,113063.60969032958
6245,243513.4626806076,161908.767074789,137749.90940787483
6246,276612.8461466805,182277.5852670103,158102.3062231086
6247,263660.42764740996,199563.14201953574,181981.52608371156
6248,286409.34179938317,204214.0308864703,198776.25360671806
6249,297251.6962063894,203373.6410320163,209401.42544076944
6250,282439.401882437,191852.6174669633,199164.78834792212
6251,279429.7805832409,174847.4029067391,160806.3826881001
6252,248407.8196909379,132578.26471615647,101993.50291070605
6253,248272.885774641,85077.31220247502,56368.870921434136
6254,259776.97212539328,85664.53785972147,39348.542580954425
6255,337981.1890585785,118624.27440289139,46047.633522034244
6256,385796.44382800604,123815.94169994556,46031.966798598594
6257,414173.2601462168,108833.52733929086,51628.12040980933
6258,425817.72524813964,100984.54916559682,47980.90719399226
6259,443948.82203509065,104947.9621011508,47329.17149906962
6260,415368.61160107225,118280.91344391472,45452.298031479906
6261,328287.83944541315,87700.77625415228,41388.3499722748
6262,246563.55212019078,80109.41933481437,33110.0533088824
6263,213823.1157432039,59699.716858974956,25308.02503793349
6264,203282.5994346396,44667.152227472194,19326.470030205986
6265,176083.46149549843,43217.9886876024,19862.271971704893
6266,171035.27876691072,44015.56733523503,30299.443124528523
6267,175782.125825852,69135.826273896,40636.347247364065
6268,186385.25037473827,102526.64067142823,64559.43393358693
6269,228378.91321261844,147102.1551336923,99981.89562156983
6270,267913.5279624947,184325.98841140288,135592.35799078044
6271,280265.2123248138,187077.26611694868,162808.58994317494
6272,283592.9234718122,179808.71072380056,177844.97622172386
6273,281060.9557802148,211124.2120755097,214330.1766336219
6274,285198.70288361446,227541.59290930064,239359.3339944011
6275,266564.18810689164,205773.9171091881,201746.66437011558
6276,267299.92522177554,148330.59380958587,141504.97941539108
6277,246591.08427624035,108514.73046219302,83118.23451544651
6278,261565.81892914456,91124.96905400309,55714.00188182438
6279,293773.0600568121,93586.30346293896,45355.164346178935
6280,336931.3239543386,110259.80238267603,40605.01380049276
6281,389796.9489675533,117779.22642104147,45367.69772492745
6282,403706.9385108815,93390.10916913365,51126.785259868855
6283,413882.34226712905,100775.65393450366,57149.07374852904
6284,395185.6407909211,110452.29363276006,55303.53372781057
6285,305930.9744691067,108231.22141349672,52925.32511028037
6286,227380.35100165705,77463.55270641687,39351.675925641546
6287,197600.6291126607,72931.68067003133,48638.90957828917
6288,178160.57121736242,46631.77610215545,40426.413153326466
6289,170232.77885762916,57809.90787214208,42506.95402557951
6290,166227.2681061521,67903.86886867456,59401.94857857411
6291,174875.4817687488,86784.18077597064,77819.74864951297
6292,191652.78498898764,118356.8342181254,103290.70761117707
6293,238675.37425436228,157994.4320354308,122819.9748737824
6294,296293.55984783056,178043.56529029532,153245.62195806013
6295,293283.70486700756,172409.54344917595,180134.2055904567
6296,304980.499252804,186271.02469282804,209568.164149201
6297,295346.0384241994,228522.99923873573,219393.50665799403
6298,275264.6348399589,226280.98785228367,211930.0346032818
6299,269851.0958388661,157068.70461685074,157441.17049412456
6300,259017.94693186812,120140.17650901157,85737.7106738856
6301,257354.8401147594,70394.92816250326,52492.9235434567
6302,277857.7651686721,89926.95900886797,36011.53048916301
6303,367645.0651750677,85712.15799662423,36766.66655876088
6304,425133.94122847775,129084.11622609834,38580.87313260803
6305,441382.6664729082,121633.89386451276,39849.8777308949
6306,435249.2976428198,112678.91203967834,48792.44346795845
6307,431785.4440496401,105769.5351316281,43515.89101483476
6308,418935.69026912644,88740.15863001983,50146.04837279774
6309,298802.06567099685,88483.22436567536,53611.527596761436
6310,221907.581392961,83849.4934931773,37844.53713113294
6311,198355.23554422267,50817.42192854028,23851.01975841894
6312,188304.7451782877,50707.13489789496,29400.17319932276
6313,174848.12813496645,44657.29978535436,33470.387947902134
6314,169607.65561692615,54175.06047653412,35494.528615786876
6315,178452.3396428343,62438.72927943529,48074.90753460611
6316,203097.33320144596,98377.65665346813,62895.62790472191
6317,238389.53193939524,133550.92528162757,92486.93512995947
6318,272351.2870217022,139798.94863459255,107270.05536382973
6319,264303.42086543515,141584.9551062556,117857.62706163555
6320,270656.68123918073,143323.9278959038,130651.07341917946
6321,264072.2484980362,158712.11877146864,151807.4167466682
6322,252894.0282429763,158978.10119694166,136557.42815441592
6323,262544.81700832536,128045.53813122,110688.53441748647
6324,238684.06881481092,101469.83220746096,59386.28185513847
6325,241600.00666020406,85284.93398866858,39483.27640250092
6326,279418.73149333795,76680.48462829788,35040.1936361533
6327,345509.7972456594,99213.42189223412,39809.14424996223
6328,411634.1921959595,122363.66157124269,47802.30654682597
6329,452971.27454261034,101879.02691657523,40395.0797064552
6330,454301.14152655296,96468.34385264697,48811.24353608121
6331,438851.34718575084,96303.44949400512,47329.17149906964
6332,417831.26972965687,94028.32288992521,45038.69653277899
6333,329235.9145555461,84197.51257954969,44480.9611784702
6334,254199.95363158087,80641.06582453572,31424.313867207493
6335,216337.67454771462,52342.64028945216,26113.294622525413
6336,196693.56922666854,46872.77554940122,24158.087537757478
6337,202100.20784851868,38791.66177519666,22434.74795983704
6338,180189.53911581752,41098.89259542916,19824.67183545935
6339,177215.73721258677,45764.71092822594,36058.53065946993
6340,179406.17762757474,56689.829303690494,35848.596565432345
6341,210694.54365970063,71977.60234658179,45765.63250019272
6342,240233.86415160284,101426.5853484371,64405.90004391765
6343,266961.28892384074,121505.30944136292,69043.25018086722
6344,278062.4816705227,97755.62908758438,68479.24813718414
6345,287560.81262839324,103733.58158671438,72323.86206829031
6346,284187.12062405003,100718.48296085402,85709.51057170145
6347,286668.0115578503,103606.47167871144,69494.45181581365
6348,269264.9812190394,94277.46568218678,66426.90736711524
6349,271406.3285697454,96423.05277944209,46655.50239133708
6350,301687.5900510429,93265.83100044688,51192.58549829854
6351,358059.2961489309,118332.0858218532,43468.89084452782
6352,429496.10302554694,109478.25908726573,43663.15821512976
6353,627723.6283535069,103710.65957852194,47238.304503142914
6354,621736.018997436,98840.05119884775,45825.166049248146
6355,587470.655719852,105686.92877169477,34661.058929010804
6356,543710.5707620005,90561.13456885949,39489.54309187518
6357,412864.3450424565,78827.0938326437,38145.33822109723
6358,335438.44609231496,72817.17116419265,34805.19278461869
6359,271150.6757296197,47331.81892399245,26965.564377424238
6360,240822.60078261868,42604.15473429626,18477.333619994282
6361,223828.63167981102,39622.93644510636,15904.857631862122
6362,218473.16491498722,43035.56770573737,24574.82238114552
6363,209017.1252861357,46210.11503770849,16841.72769331342
6364,207368.51521931557,47245.30845009063,25997.36086910167
6365,230459.16939773742,56215.18622907939,32160.649868682583
6366,264417.13072475593,100010.49786424852,40940.281682015484
6367,291156.0776249141,114179.53280700353,48096.840947416
6368,311409.63556683215,119672.45360207841,53279.39305992582
6369,309123.5517104736,109315.96188598499,56682.20539014694
6370,300867.27834106894,111121.7067535915,54438.730594163215
6371,313858.0041155701,117181.56186678926,53232.39288961892
6372,320358.97206993494,104451.08400835878,48754.8433317129
6373,373217.44741840236,104489.75651925661,42506.95402557951
6374,418843.68224508775,108985.98885430784,37449.73570055479
6375,481871.9821292433,137261.92803340135,36656.999494711396
6376,553884.6405836041,114073.26718130423,41507.41707038566
6377,663999.2754586164,117220.65327403562,53335.79326429416
6378,649262.3611904983,114362.22188253172,53821.461690799
6379,622781.523383156,113536.29233002942,44690.895272507776
6380,579063.4617785584,100659.56937839443,45070.02997965029
6381,452568.6148388842,90536.70453381224,40664.547349548215
6382,359196.52473818505,85325.71773716313,34071.99012783072
6383,313466.5725413586,58669.88531985421,30672.31114229676
6384,289553.00417671737,40114.93858440122,14873.987229796981
6385,273032.32867152,36432.454296036536,18718.60116090314
6386,268119.445182964,34659.01471482993,20673.808245671054
6387,263477.3461600126,44129.004466421415,19257.536447089165
6388,263712.8121744138,56277.46773818131,27924.367851685427
6389,298127.59141813125,84917.07597122899,40589.34707705713
6390,328966.19406784227,99520.55669498851,44017.22616477526
6391,345451.3427958318,97804.8745423195,48309.90838614071
6392,336898.8108326671,91618.56299942249,42682.421328058685
6393,335333.9701604272,109511.619992464,39984.61155244143
6394,331827.8511325349,87532.46370130626,44133.15991819898
6395,341359.25498104806,97874.6291622795,41472.95027882725
6396,365526.64637824584,84163.61548702531,34526.32510746431
6397,402175.268038011,60592.586047974946,43945.15923697131
6398,468397.7220200805,65149.97724991389,42964.42234990021
6399,564069.0042481082,97795.62531094361,35340.9947261176
6400,643753.9679776708,96394.63485115673,38981.94125256043
6401,762497.4190778123,99174.17968230245,48541.77589298818
6402,746679.0148897772,104132.13632857558,54419.93052604045
6403,723045.3845732734,111696.86819599976,52533.65702438935
6404,645533.9251939397,108534.60290496802,55184.4666296997
6405,497213.6863993781,105444.43805344816,40598.74711111851
6406,371043.81415514025,88566.35015708093,34623.45879276527
6407,302389.6435939802,54760.27543130758,24668.82272175936
6408,263426.4401979526,46097.06329116276,16957.66144673716
6409,230475.00612600945,32984.769788959115,17744.130963206306
6410,235968.8131024744,39809.32856435562,19931.205554821703
6411,206117.61426879617,46622.91225542018,19849.73859295638
6412,213561.38408152224,64528.30155696295,37443.469011180525
6413,229024.30428792315,101567.80368545909,45549.43171678088
6414,265935.2076248821,126409.99922795493,60244.81829941158
6415,266456.1518447034,111451.17710965022,58430.61172556441
6416,283923.60523339396,112718.00344692469,65853.50528937083
6417,273859.643687838,130849.73082351418,83647.76976757118
6418,265295.2214739569,177225.29316304455,84756.9737868145
6419,273889.42476576864,107748.6528199711,70935.79037189255
6420,240656.06364686115,114041.07918588194,59947.1505541344
6421,258591.87588169315,79623.36552366888,42704.3547408686
6422,295831.4558997973,81757.50837268191,43550.35780639316
6423,345057.7939754688,95452.20184619672,34479.32493715738
6424,410538.04951593035,112032.87333509592,51706.45402698756
6425,430358.40774095437,116987.09342593998,46527.03525916482
6426,422916.56829373725,110058.54782098036,54761.465096937434
6427,414534.76809394464,87844.20636389457,42550.82085119931
6428,403371.4984849152,103825.28637533818,54162.99626169596
6429,341848.27219302196,101617.98746801502,50449.98280744919
6430,228525.53691123784,87943.14968142132,43525.291048896135
6431,188349.91203680108,64396.83512693513,42287.619897480545
6432,175552.8432816582,62574.21711440914,42948.755626464575
6433,169754.5018464449,61672.28300842662,49770.047010342394
6434,166424.2820549391,66958.50358927478,67304.24387951114
6435,178284.75501997033,99822.78203253797,82538.56574832782
6436,193541.05684564484,127665.8337250435,120082.30178949644
6437,240129.09146645985,182683.747166561,144951.658571232
6438,276387.92912962526,189253.11428642305,175730.08022756406
6439,290365.3642362028,196611.5313242611,207474.41845818574
6440,303292.8728516456,232873.88019107992,220781.24659260164
6441,348219.51991617243,231752.52817772867,245580.76952948593
6442,330598.8387675226,224718.90661269965,230410.50156796325
6443,274815.5883286276,188907.87667180476,196927.5802413126
6444,270394.97241979354,157062.23685722923,124284.11701493523
6445,252623.96588754788,98600.10737040028,77039.54582241806
6446,246814.68116894842,95575.50817535489,53592.727528638665
6447,284057.74540710356,108120.2138811319,43174.35644393781
6448,315024.5352004712,128726.16091833837,47178.77095408748
6449,415656.97813878726,111459.85664199217,48563.70930579809
6450,414538.726876324,110368.31329280355,56484.80467485787
6451,422300.73528414965,121227.8995235015,65311.43665849767
6452,383942.9489928564,127219.39075261643,67413.91094356061
6453,299973.8349117933,108225.8260285274,64189.699260505804
6454,226918.26508802798,91002.98643730646,64772.50137231162
6455,180227.72208289808,74198.69132169914,58302.14459339214
6456,175109.28963003348,65554.51383163227,58878.68001582371
6457,164808.80654195984,72670.94282684203,56525.538155790535
6458,167983.65685250072,78376.19380306824,69109.05041929691
6459,180661.80242341553,84729.36013951832,69560.25205424333
6460,197904.97333778662,114818.65134390797,93038.40379489402
6461,236015.50345970743,143836.2213743222,97343.61939500802
6462,277978.48584623745,141466.55824230236,107122.78816353474
6463,275907.6189186608,142044.66871500452,111456.20386583287
6464,270762.60609240213,130541.82525147845,109729.73094322528
6465,254894.47245460123,141115.72417246774,103817.10951861461
6466,259921.86695426694,128621.26927266228,97635.02045091092
6467,251191.5437786594,120247.93340571174,97067.88506254074
6468,263430.9872657505,106028.46334259168,85154.90856207976
6469,244047.46464020034,89028.91226099995,72117.06131893984
6470,241042.9654747828,93875.50950197548,64562.56727827407
6471,265875.87382021995,104254.97349382326,54560.93103696124
6472,319521.2392023427,117283.73906412674,55942.736043984696
6473,390507.37304599537,109801.74760346742,49879.71407439189
6474,404587.3688192384,113039.56503992292,44681.495238446405
6475,424995.1106896161,105155.73469002992,52264.18938129635
6476,414963.49172832665,109611.23354414834,55908.26925242632
6477,318832.25516742026,98082.28446018098,41545.0172066312
6478,247926.23907727262,88410.75529737682,42917.4221795933
6479,215004.73573783677,58991.01126065001,35306.527934559184
6480,192786.8797148737,44737.208452803105,21106.20981249473
6481,183891.80144515575,46167.23680747126,32226.450107112283
6482,180959.2025729681,52093.74883499977,29660.24080835438
6483,190095.17408959204,70972.40191275555,39918.81131401173
6484,197658.47660457305,106261.40322409153,65154.769424141254
6485,249062.28496794394,117497.2253992,74341.73604680078
6486,273247.87228540325,133619.423212542,88263.18649171082
6487,283779.5020720937,152787.53366714352,90823.12910109447
6488,281131.29214809655,132028.55541588596,95275.61190150342
6489,274542.81812685507,134409.88062224927,98885.224981075
6490,285815.58916882734,145397.0649444928,102626.43853750595
6491,272889.77856837417,135221.61796646274,96181.1485160835
6492,259058.20145900184,86653.9710349884,53652.261077694086
6493,248457.2778448712,80484.09698480838,34773.85933774742
6494,282718.64905767125,87039.77457199973,34820.85950805433
6495,338582.9285084859,91105.88413636337,42071.41911406872
6496,406828.9346808075,95045.2859332186,45367.69772492745
6497,459334.43674994906,108096.77244146721,41942.951981896455
6498,463618.78123443364,110692.94120707318,54535.8642794642
6499,461888.3627233984,91445.19017868608,44897.69602185824
6500,437705.0798054537,98826.98163277304,54181.79632981873
6501,356245.33424278436,96233.42678038203,49744.98025284535
6502,266070.6569678086,84055.42293812276,33523.654807583305
6503,220220.00572477895,61698.489163991726,26912.297517743067
6504,204910.68466795047,47209.21634069987,19091.469178671385
6505,188816.51884721557,42126.66316451504,21964.746256767834
6506,183633.89258546682,49802.72092552904,31352.24693940355
6507,181059.8465466963,45698.00587368339,31784.648506227233
6508,188214.7098689594,65844.13876701733,43876.22565385449
6509,200846.31884827142,87866.32409109785,56553.73825797468
6510,235270.1360566886,122663.49082167826,81097.2271922489
6511,265956.58890254406,151964.85475030597,102773.70573780095
6512,284633.1675223731,151631.8153973574,148188.40363303537
6513,284428.33902336785,168757.7223735249,154417.49287104592
6514,291714.05660672596,184738.1489066649,175752.436845701
6515,290073.24461608636,169689.28082927648,157018.16896136227
6516,271524.4286946525,135115.0172236847,126721.85918152086
6517,294706.6880378252,123942.11328012783,82723.43308486843
6518,281271.67498921877,108419.43992082562,60551.88607875013
6519,303227.6589548282,91848.7884325837,49697.980082538474
6520,357095.519322641,118978.22506155922,51950.854912583534
6521,417245.72500206804,131314.8230613783,55460.200962166964
6522,427481.8518128444,120946.78656191881,60523.685976565954
6523,389261.4501511894,117495.34874355848,51440.11972858167
6524,383900.6443405198,108720.47559274506,49613.37977598599
6525,296166.33189919434,114028.37824859399,57105.206922909216
6526,225785.22349102565,96752.97554355743,49165.31148572669
6527,191572.08675145498,69690.02614302306,48109.37432616452
6528,174548.04553489745,64513.1877767074,56672.80535608558
6529,163172.6556078753,69823.28544942269,55062.26618690172
6530,164005.998508356,73896.53300756554,64941.70198541658
6531,170153.04142186657,81695.36091041157,73724.46714343657
6532,182496.45632110798,102978.89792517298,91734.93240504878
6533,196818.14146477391,130809.85189113252,111302.6699761636
6534,247150.19802797935,155821.81774576718,132687.74746581272
6535,285526.754582052,193729.4239111373,160110.78016755762
6536,325324.84948110103,199414.19923384662,178707.1808856628
6537,295046.637596187,207308.46848074533,197814.31678776984
6538,312824.3630784387,218395.376556263,214916.11209011485
6539,292411.6324557009,200254.47395278132,211795.30078173528
6540,283308.7585188684,170273.4425065509,176134.06364985454
6541,267368.6225904649,141051.98490407283,148047.4031221146
6542,272370.17810677213,113185.50852775655,103284.44092180289
6543,289524.3014966986,127420.86314041338,88031.31898486335
6544,321693.57331395865,121884.41063679749,87649.05093303372
6545,365253.77281341207,148535.86977622763,78217.68342477818
6546,382800.6592954077,134878.03918138496,86846.91469312893
6547,387395.2611499166,137249.79679514747,98051.75529429893
6548,367549.5509514668,141896.29562834927,121686.57426930606
6549,275947.80864105927,160265.68803725016,140536.77590706854
6550,216446.11051876965,154862.10945539328,156541.9005689188
6551,190465.8846503505,128274.45660777368,140445.90891114186
6552,176961.77661916532,131003.08039879003,145202.32614620225
6553,174608.6348174683,144376.66468736305,162310.38813792157
6554,176418.55104286456,156400.36387067178,174561.76586459237
6555,195473.9014979732,177161.52038294176,201066.7285730088
6556,217088.6056896983,222816.43020028676,244435.82785065155
6557,255754.13420365404,278294.4761469017,271403.1337637427
6558,301438.2543691019,303423.44812961255,290525.44176929846
6559,303728.9777348713,294069.3251080289,332303.52313089505
6560,302395.54023783584,286361.5820272108,349306.25705713936
6561,314243.9019500578,283250.3550672862,374807.2137852008
6562,314308.946264682,288646.97996975726,361204.1516135169
6563,303220.9016766465,262816.84252299526,329192.3261743631
6564,275924.0220418156,229654.3769029828,239519.13457344458
6565,265069.93476183206,169261.7887276578,156319.43309613268
6566,290171.5033532729,131045.27163901567,110237.33278254002
6567,294704.7817426805,154544.5525114871,104992.11377628763
6568,332496.09643794724,153631.67683288056,104453.17849010164
6569,426680.53267322056,141083.6869797308,74545.4034514641
6570,430364.6202735944,127861.17347029777,74805.47106049574
6571,424803.15575116966,128706.79115118152,69572.78543299182
6572,377225.2274890791,132357.50634047252,86918.98162093291
6573,300384.6966398661,141686.5290928511,100680.63148679938
6574,226479.2438085379,127394.43915874713,111412.33704021307
6575,190491.0223803512,113080.56661451866,109187.66231235208
6576,184875.89831460945,108238.25887215228,123695.04821375512
6577,174299.93769756958,132391.11858347995,132092.41197525832
6578,173090.51396373735,130596.88498753142,154292.15908356084
6579,189577.95103819572,163156.55876198554,177096.64171647897
6580,212206.4661945495,203239.97958512214,218859.23643518958
6581,256751.8948957057,240320.09790357336,257553.48622950507
6582,287111.367677757,281051.41733108,280879.61734586675
6583,293876.00092284905,273614.28129142284,311389.55537696125
6584,322315.32519737614,282232.2796177137,344440.7477736643
6585,321659.2651845416,279429.048529013,362775.54959854274
6586,314359.9826183401,285408.10691450327,346421.7012241137
6587,291080.6050512063,246904.0426163648,296542.8745344884
6588,262175.9211102462,174626.59426349337,189006.48487225274
6589,262077.9550254979,134672.16000400123,103024.37331277119
6590,272894.4167753054,121565.59700384577,68037.44653629909
6591,304018.88438847015,135412.60118969216,64054.965438959305
6592,362397.7950870387,128757.59490033325,57550.14186848142
6593,424585.7714215811,129991.49598461193,54949.46577816509
6594,438043.53936910693,120059.93272448398,62886.22787066055
6595,422445.6993803201,109359.22550086278,78546.68461692665
6596,395617.0638850298,115395.40459244071,81949.49694714777
6597,309409.20430660684,127035.22716194147,95203.54497369954
6598,230368.03140393418,94560.28774087148,77356.013635818
6599,191553.6336710096,86743.21271308276,66273.37347744602
6600,174546.16959276752,71239.67453898217,62977.094866587264
6601,165278.84695089422,62087.40928983625,57941.80995437243
6602,171720.3432292044,64667.07353930949,56550.60491328759
6603,180202.321144434,78205.43489554668,60486.08584032045
6604,192013.0783112349,86684.56722428626,62491.42644008242
6605,250216.2689644612,145187.379924486,69206.1841045979
6606,275237.6419949698,159260.92325562646,69804.65293983935
6607,282554.82202554616,165731.11247600644,78108.01636072877
6608,267301.18568384374,113240.149367461,77562.81438516844
6609,257020.44472464194,126299.10898656765,93301.60474861282
6610,258326.70029857242,118205.49534532247,89162.45641691658
6611,255662.47664961062,119171.95624483516,80636.6255232411
6612,249857.76213960146,115115.04564428558,70967.12381876385
6613,243372.37768465196,99641.43342532514,62967.69483252586
6614,258659.58699902394,110268.23057720876,63337.42950560699
6615,295663.2369654145,119322.9264888513,68347.64766032474
6616,351102.8059127541,112642.98748882704,72480.52930264674
6617,365196.5356387909,111268.03562606567,76964.34554992699
6618,391278.73310877866,102285.55744491272,75758.00784538269
6619,387803.13128109684,128140.10817086787,65618.50443783622
6620,373175.07596122805,136016.06326940822,73849.80093092166
6621,283687.77457673324,107563.63468074505,70237.05450666297
6622,225856.2482827269,93016.30282354473,56146.40344864806
6623,206227.9650982988,66741.41474560404,46602.23553165591
6624,178601.61472993522,62154.51648487341,41905.35184565093
6625,172790.92992044595,46168.91239286544,34708.059099317725
6626,169434.6370952683,55537.61300737843,35917.53014854916
6627,176622.94885492872,61654.1364186076,44493.49455721872
6628,191053.83646358651,91569.46834737281,56146.403448648045
6629,237295.69031231495,130547.9411381672,65778.30501687976
6630,282676.4605351169,144308.38458255,85242.64221331937
6631,289255.84093963844,130692.2593081685,97475.21987186738
6632,276588.45464070997,130320.01125699613,104816.64647380846
6633,293913.4055790671,157358.19550540435,117932.82733412665
6634,289878.94946491014,164425.5130927106,123287.71340442845
6635,299922.4736812896,142656.57574510737,123030.77914008396
6636,286259.87166780466,117102.94340009405,85352.30927736885
6637,266938.772284581,108278.92532966917,55745.335328695655
6638,268593.41412349656,87380.85673484032,38756.34043508721
6639,332958.4688675402,106556.55759127733,43885.62568791587
6640,424187.3968372601,125024.00525744594,45179.69704369976
6641,469885.2837584797,129292.5422932812,49682.313359102816
6642,464381.9455286636,114829.7939867793,56256.070512697515
6643,456792.06391368236,101263.76871568395,66223.23996245195
6644,418518.0113984006,100851.07203309592,53056.92558713975
6645,330510.9876940358,97842.44116685714,47065.97054535087
6646,270362.2197585318,81201.64967401461,33567.52163320311
6647,209476.72768819006,57514.53567885499,29418.973267445534
6648,189458.0449638729,42885.301207586774,22356.414342658834
6649,176389.57564853012,44708.421895731,34839.659576177095
6650,168181.85245700783,50157.174259815205,40733.480932665036
6651,173540.96058695242,77606.88228103555,56171.470206145066
6652,191829.75899988817,93492.68850696583,77553.41435110704
6653,246706.49497497376,145368.22585608062,85743.97736325987
6654,285273.78681541636,160149.13431723046,106113.85117427951
6655,278999.6610873634,152054.41478962527,133499.28373977888
6656,285823.3659412207,189398.21998155946,154793.4942335013
6657,283975.1680421957,190374.0138917178,166772.270972392
6658,296284.9231273795,192514.4401859591,182912.1294557887
6659,266143.82907880924,167977.95519863255,157926.8389206294
6660,265114.1907427041,134373.671221881,109826.86462852627
6661,257204.8069100697,109322.06101681983,70575.45573287287
6662,278416.5110307336,102839.74055818583,51662.58720136777
6663,301070.8533372806,107476.53775195526,46395.43478230546
6664,364964.190245593,111908.04222322899,46505.10184635494
6665,393401.8404865302,130689.74593007719,46799.63624694497
6666,403272.3987302313,134154.5381640292,46787.10286819646
6667,405763.6777292744,104709.00686808588,46636.702323214326
6668,359496.02368265856,116715.09564890183,61745.69040454593
6669,298765.9816851841,113857.63609692645,59082.347420487036
6670,225617.1796963585,84125.69698955485,59292.28151452463
6671,189220.69222707374,81896.06252892717,52840.72480372793
6672,174925.09862377838,77695.78884205109,67150.70998984185
6673,171790.77597297425,84506.79213160857,66270.24013275887
6674,167599.65754909383,90178.64869092868,83989.30433846817
6675,170224.00646972406,121899.39037022163,106348.85202581408
6676,180731.69486608478,141157.56353976054,133489.88370571754
6677,208821.89184819226,174674.86787869988,161749.51943892566
6678,253525.81823241565,191060.28340161455,192305.4545688377
6679,292837.33286620484,229790.50146040635,212033.3020594671
6680,322696.7731982549,253844.13300469023,250065.97279031758
6681,327866.68403889146,235181.30985281907,280950.87797005556
6682,332278.092750836,262234.9882643208,295562.1376474173
6683,306127.2134535651,225782.44284884617,256727.46359515202
6684,297468.30439891986,190224.92030334313,182887.06269829156
6685,275719.7617131718,117550.7100849824,94263.54156756106
6686,288772.3039063782,96280.44370654294,68065.64663848326
6687,327818.8318257241,114187.57561689569,53934.262099535605
6688,388415.26117731445,111771.07987310833,50371.64919027099
6689,419099.68861924636,122524.24967542138,54191.19636388011
6690,446121.37893491855,118831.49404859041,53667.92780112973
6691,434662.28636376176,105818.36169001467,55735.935294634255
6692,375883.82516406785,101705.2184436363,58082.81046529318
6693,279051.4014892836,113496.24583910833,64302.49966924245
6694,223987.74543068407,87419.96489794063,63152.56216906645
6695,188826.269315018,71958.76876675108,48353.7752117605
6696,175968.79086519135,60863.1595774281,53489.32715396346
6697,166342.28606492712,60373.721083786324,59392.54854451273
6698,166187.39152477658,73496.72157665879,56184.00358489358
6699,169134.21787480492,73223.04821422636,70869.99013346288
6700,176125.00785270386,91827.67605661698,85173.70863020256
6701,205049.86680392656,125876.14096551317,111963.3575191942
6702,269786.0304353661,153419.41367514498,128485.93224037396
6703,320081.3291089678,197732.46444126384,139925.77369307858
6704,327139.05401971284,146288.27304017422,125474.78799604389
6705,321106.1768523678,139911.19610014916,120191.96885354594
6706,304730.9341960287,146365.34996830687,124757.2520626915
6707,316894.4633112506,151883.06942721573,125358.85424262012
6708,296244.81611613324,140332.80689703423,101250.9002198567
6709,296488.63499889866,112650.91300774147,86871.98145062596
6710,314145.8879904773,101367.16909035924,68733.04905684153
6711,347203.05272009707,128216.44784142693,65352.17013943034
6712,390573.34167107876,119846.86528575936,58233.21101027534
6713,405067.3681102405,126816.34544189893,67934.04616162385
6714,436708.8114792521,129461.82668565576,77631.74796828521
6715,416116.86352002656,115511.27132244874,67435.84435637051
6716,385044.0742692816,113540.51480522272,90080.52641024507
6717,297874.22227184003,116788.9386972236,85568.51006078068
6718,219028.97173808602,114099.54036028511,96409.88267824388
6719,188414.9407629589,99264.17537382412,105023.44722315895
6720,180181.42697781418,96864.41872812473,105377.51517280437
6721,172204.11455405442,118234.73431045102,117121.29106016042
6722,171852.24717021218,124050.77499294083,135338.5570711231
6723,176854.574759935,156837.7921936781,148790.00581296388
6724,203427.61245722487,193193.5381903688,180563.810859484
6725,253256.50774524,247560.03429818855,195420.97531994357
6726,305098.38486390543,254705.31687388633,228015.62500749095
6727,294577.2929310693,223707.90103978632,247989.04575692074
6728,292612.99115229375,233657.16609530005,284096.3693585786
6729,290479.25277742674,260328.38038652745,300992.2239902106
6730,290924.2153334722,275639.6156936386,293945.3317888592
6731,313706.62762594473,238741.96455591303,273526.0614515571
6732,278103.6728673803,207072.39525455848,187229.87843465118
6733,249038.45227895537,135126.9306358373,117973.56081505927
6734,272036.77303223923,91355.98201229957,71991.72753145474
6735,325624.0497004046,114855.84933965887,59414.481957322634
6736,373181.719930585,120308.47230600362,53147.79258306647
6737,395033.0475902215,116354.47616036495,62914.427972844685
6738,415107.4467071538,114652.86892500722,62723.29394692989
6739,408824.07397062687,117090.07490426667,68651.58209497618
6740,380996.6582625943,117837.11789641064,71104.99098499748
6741,308826.5376626567,123288.98684932802,71465.32562401719
6742,222569.5584324158,97782.75681511627,70913.85695908267
6743,182605.58966347857,78747.62081739742,65740.70488063424
6744,172108.66723491947,57988.25718149929,63725.96424681087
6745,171130.94396999362,71913.44418183838,70177.5209576076
6746,170423.90721652837,76173.75409338812,76450.47702123801
6747,173337.88464641376,87904.57770564707,87254.24950245563
6748,196072.11692765602,124777.92878645583,109679.59742823127
6749,231064.79224874993,165743.83016914848,124932.71936517072
6750,291141.7895811957,175216.86948615723,143326.69329394732
6751,281051.68017542275,177924.36414535297,160214.18054223282
6752,268451.7801487288,173541.21706855533,158740.1422424552
6753,273982.3655358888,187724.12585837435,165400.75387767036
6754,281780.731097037,187292.59559595553,160173.4470613002
6755,270651.8408197563,165734.9830782671,145922.99542424176
6756,274195.5552676376,134061.20805757312,120784.17099941315
6757,252922.23892679976,121735.30029256892,108137.99184216424
6758,256825.2386855863,116114.02965629935,107862.257509697
6759,323616.81910310144,132787.8134255535,87401.51670275061
6760,363266.57631393796,140121.76691663644,73323.39902348416
6761,372400.17976333556,134516.01220111706,73605.4000453257
6762,391293.63341079536,131152.25776643443,75491.67354697677
6763,401605.48447157664,118739.45414288774,82833.10014891786
6764,389969.802765306,130539.94859583692,59025.94721611876
6765,311796.5411726814,101536.83886737452,63976.631821781106
6766,236419.87213406552,91616.68634378101,56011.66962710151
6767,205434.7784301343,66841.71528730002,46072.700279531266
6768,174946.93852653456,60516.9668791353,45514.964925222484
6769,173426.50038151827,54966.4227023543,41266.14952947681
6770,169641.541636052,57424.94212782786,45389.63113773735
6771,176428.0189391607,74519.04649321361,48190.84128802986
6772,190093.97831658152,89534.98931760603,72342.66213641308
6773,232421.31037784048,131255.45707086232,85377.37603486588
6774,274594.5303881634,146132.37657509925,95134.6113905827
6775,292286.16221597116,138869.58519570727,107724.39034346334
6776,297332.0506614112,137647.04458040118,110842.06830715574
6777,280923.4855673776,157913.13263210488,126082.65686534677
6778,286418.64154542313,148599.9106499935,122385.31013453564
6779,289777.4682057708,126678.37774054172,111503.20403613984
6780,284179.204483775,133456.89142930595,89601.12467311451
6781,252153.20573430337,114285.51358318582,75786.20794756683
6782,270383.5145567103,96019.18643188142,63522.29684214753
6783,315424.0033386889,112760.71411862252,60558.15276812436
6784,356839.65983116545,118396.10993976511,52367.589755971574
6785,394757.69369205553,132806.0270387882,72336.39544703883
6786,420271.0340787162,109290.76108165638,81510.82869094984
6787,406336.818833856,139049.62684631257,84575.23979496106
6788,370458.5101317269,127991.80210762836,98822.55808733245
6789,287620.4016919512,131330.23844700478,112587.34129788613
6790,219072.5230188858,123978.49023903561,113204.61020125035
6791,190823.17923612852,121021.38362366805,121464.10679651996
6792,178161.13955033908,113955.33948126144,128119.33091197998
6793,176722.03068347462,127257.84543741314,148222.87042459374
6794,176129.4951844738,153156.7824204602,165171.1318372695
6795,186440.55538509283,167208.22478025133,202664.73436344397
6796,220846.54755316337,231505.31230867046,254333.8517934742
6797,271467.33828852075,253909.63163774915,273256.15344219713
6798,311360.84250634885,278067.9872691698,291818.6842389951
6799,307222.05262119946,285942.63541110273,325591.2286527859
6800,322224.96692402783,296925.31014485756,378436.72521010076
6801,328222.21037309145,303201.6766233664,398361.934298276
6802,317874.82584465324,310831.63005365815,380045.8009038847
6803,311242.76141687535,259448.34618164718,323132.4375494573
6804,263029.49194272305,195461.32573042202,226518.8874665502
6805,253191.95086199424,139215.69411473037,137585.16521179394
6806,269359.6396113599,119514.06051476607,93173.1376164405
6807,298705.72810288216,118549.9119230974,69882.98655701752
6808,349845.6532661769,127305.66664456313,70428.18853257781
6809,382665.42693188606,131176.0510790318,83437.83567353358
6810,395728.755380589,143317.79525336108,81394.89493752607
6811,410452.91374918143,133948.07253175759,73752.66724562072
6812,381329.3583956138,150191.51570422287,104283.97787699668
6813,297123.3278812023,156341.68487016746,122441.71033890388
6814,229257.10011850344,138148.8321383981,140047.97413587655
6815,188929.41493265613,132274.61513102215,148771.20574484117
6816,178185.23895256186,124067.36328834329,158816.70881177377
6817,179536.41334158753,161030.45872286445,203231.8697518143
6818,189137.23040998355,187914.05346280528,247250.91474148867
6819,201818.5182934226,231032.91451848758,286061.83655604493
6820,237537.64462427484,287442.100024506,349505.3202625783
6821,286404.07497284934,354493.17970680934,405978.34480753046
6822,324885.2756532541,377948.0105049693,437535.1948999944
6823,356852.60635942506,372118.1430367812,478416.47807567444
6824,347384.0737690711,393888.5521823659,535254.2397182721
6825,345127.75769144273,412792.9384343866,567735.2792662875
6826,353948.34739608224,429910.0795100263,556712.693854176
6827,350928.98175689724,386351.25236500986,496672.6788978599
6828,311904.69025705714,302054.3440598768,382927.39272387663
6829,268968.37345628464,232934.7039408888,271946.118740533
6830,254729.36085631044,184310.405467237,192597.2978837016
6831,312975.11374131154,188570.24621487633,132690.88081049986
6832,361561.49824887206,160588.4225400244,103369.0412283553
6833,388646.9672787088,164670.61772417216,124575.51807083811
6834,396169.5888770692,156547.7483619445,144641.4574472063
6835,383733.8044712344,158895.7126631096,159631.378430427
6836,377939.4906758483,185439.51544096318,203990.1391660992
6837,303560.28603417386,197871.84704095023,227483.9576301856
6838,251577.981976801,182504.91193743967,242605.47909026573
6839,217836.61481960653,176952.07220866857,240738.00565673746
6840,200806.0204779293,171294.74297471603,247869.49816464089
6841,192695.8716011722,187137.10127137502,255696.5931930868
6842,192964.38659468878,205307.65196154773,269777.8442170405
6843,194465.28293973446,223800.3674554607,294581.4007603462
6844,203320.5318972322,243056.94881887521,311271.3109218786
6845,226460.76637044005,263812.9947956928,338707.0357526685
6846,272230.26668636326,306393.73709714663,356576.01567226334
6847,318326.56962261186,298125.7330329604,373113.2465158561
6848,353576.7255104526,313988.93561192293,398553.8682101778
6849,357762.72082299925,322124.06811007415,396040.7368484023
6850,347310.974532731,301217.2127304558,397436.57346001244
6851,328416.2732483076,291225.4488385854,393130.10751933337
6852,309566.57148923434,280733.16143740725,375782.02832727047
6853,308729.6224149824,267156.63575075305,346940.7409910133
6854,328051.7217235851,273889.94021292165,336677.8866319119
6855,332241.2400080173,248530.1982414223,281129.9520185056
6856,363169.77795017324,187940.29313007824,164892.26416011518
6857,384640.1749041356,190848.9753275537,192017.6291165828
6858,413719.2211053823,180109.67937230435,196517.11208729882
6859,416450.3516315701,184316.60513319532,207552.75207536394
6860,370575.24166479055,216496.20587268626,254728.38968476432
6861,310831.31002504687,241257.6717108902,302778.2304618733
6862,257441.42362748145,253572.44744496475,314600.3399664076
6863,219558.20481744595,239548.32327101126,329337.16467794444
6864,214079.33559581416,244709.29384364389,342230.17341750284
6865,221095.31025724483,281491.42605559324,377219.491893478
6866,224141.15866998123,306787.9900894304,410078.68055973534
6867,233134.55037759492,337790.30777511216,435587.4110149331
6868,248396.62606245207,379575.67351230816,493321.36848866404
6869,284650.23148180346,421788.92372849723,535541.0606793732
6870,326610.49115537334,478547.02701094566,579602.770577887
6871,378526.7991452474,500619.8012747831,642565.2645724359
6872,415797.05132340075,530448.0549046696,706007.6299552696
6873,413846.2557721003,549063.9085444876,761885.9821590157
6874,430002.1187054294,550580.887353319,755151.9383401256
6875,418946.3417749604,543191.5616354699,699416.1755010376
6876,377484.8950091932,433291.62102921266,561630.0502493407
6877,324961.201703144,305439.725952365,413506.48849813273
6878,307127.3196634418,208324.1078115775,280844.8176519767
6879,334358.3898495448,168688.0682886886,196184.97755046317
6880,375413.21060880297,175104.63877645475,156886.56848450293
6881,397956.77291030576,177965.56679019603,160813.03708220803
6882,407617.4418563499,172865.77184030507,188041.4147086174
6883,419594.43428026565,189657.70113570322,205541.14478622773
6884,396365.9175064795,228727.29226023363,238008.86243424882
6885,296580.74824309204,212848.89889049125,259080.60545518517
6886,238117.37491717958,206491.05459331296,283949.96223692095
6887,207002.79302045674,207052.88709588588,290667.028742765
6888,202456.02062336184,211206.1817129934,312831.9850990005
6889,212867.76158851705,249224.3932702336,356712.44380675524
6890,222159.0576903175,293071.1621328583,407165.82561955554
6891,236720.74878394275,335914.60721729835,455413.79355860106
6892,280522.0181172983,402279.08617811266,522532.38628574763
6893,350334.2802384164,438665.06951575086,585952.2883518327
6894,383134.57565451757,501250.4217703915,611714.3681521921
6895,369287.188059457,486282.1711651637,653549.5887649487
6896,376877.1782150431,484757.8565489771,671233.2577164033
6897,395105.51151763066,521635.8908552591,729299.8251601246
6898,374212.1399090226,556765.5000278536,721141.0026970286
6899,402583.52467945294,535676.8848192102,710365.968569624
6900,375887.2272180942,505938.71233626874,642390.7161898956
6901,332678.1732597788,466694.31532718934,591950.0195409154
6902,354180.2560040568,489404.14949080226,583778.98643022
6903,395733.9799681128,481185.2777628105,585656.5564613185
6904,438651.52230543626,470083.4396124067,589718.3635684989
6905,477040.9087449882,516254.4895625494,668912.9352672354
6906,495021.38513261394,536818.0951219085,730591.4980569113
6907,499706.06224197586,566384.8976188633,770060.3812404992
6908,482367.64101276384,611921.153378057,828040.4311229325
6909,426995.6279165002,626161.2607678137,871534.604919724
6910,346744.11401016806,623116.126815518,874685.8160323367
6911,313701.59183255886,616170.6833562611,844639.9825349496
6912,308811.6182599623,609284.0302917,846144.165827
6913,304933.8537857137,627883.5689895942,858186.3147071033
6914,314708.9842677455,645169.3234646553,865428.7330556643
6915,324179.0588563449,675373.0924310237,890373.3235494025
6916,341743.7303117155,701803.3062487,916281.8209127911
6917,394065.1940552686,733696.2150427679,924219.1070653128
6918,426864.802248231,745502.3554395811,932843.1928864311
6919,435030.4092892002,749270.7767303283,979628.1995726505
6920,437008.26876197336,724897.3836791469,994925.8585297166
6921,442396.3210035571,734222.7850275186,984802.883968447
6922,439953.96901869576,734273.2543916651,946111.8619238486
6923,436670.0083827326,720411.1632159961,951049.7526276316
6924,436158.57595132064,693326.5285523967,888487.6908063225
6925,394842.95151373,660558.5454139455,805427.7665947933
6926,397629.0003245112,628053.4247183106,761250.7997794016
6927,398846.8005796836,582657.0396223939,695415.7813543187
6928,413889.47504308994,479230.4902956295,556563.7418296321
6929,453250.08787593874,457900.6588641074,562074.4490833387
6930,480075.7875809257,416714.7340792451,585364.967176622
6931,458562.606174726,417481.40153381514,580257.3134300616
6932,436475.56311665947,411545.006195244,570675.740011209
6933,358691.9680628687,434990.9407409722,603902.0259886637
6934,304580.7398808701,433498.2130858867,605236.4789854443
6935,275885.3350119179,423881.77274820255,579267.804993416
6936,264225.7922567546,410727.6854354837,579965.9117107235
6937,257642.04102366403,429150.77457731526,599078.5674754332
6938,262595.4194052352,458744.7014947206,615894.6978027931
6939,277832.2269745627,487714.1215773855,651807.394916042
6940,299935.9885068914,545755.4240490451,718570.5273175861
6941,350781.60748598987,604710.6857221628,768042.2642081069
6942,417546.09018959926,633922.8883679295,802920.7070558667
6943,436417.7321802379,654411.5512449817,881178.5238751028
6944,438444.3998843986,642060.9791643218,875756.8261314057
6945,429961.7800796178,674082.9008234014,875604.5931318451
6946,429853.8081918596,615370.5707741488,794546.8240243039
6947,426892.0961203358,589463.7185421524,784691.8033430484
6948,392062.88101766526,515659.05032435607,682857.8119844006
6949,321650.3264178821,423337.1692725998,537977.9962423004
6950,315594.66484403843,344419.74492304696,423939.2241704168
6951,327938.8024741437,319001.3683685313,336820.03466584836
6952,358688.3057122937,218729.8449824062,196573.51229166708
6953,395173.4465774867,226218.60580805814,246200.35138378615
6954,431508.6379460095,239460.27125854677,314615.22495949426
6955,428418.2976197309,271671.87090730143,334782.21309619956
6956,432602.6312505616,290027.1116918609,372890.01124486397
6957,345874.786392879,306626.2290754757,431138.7601743782
6958,274480.2680860022,339922.57396848395,454429.63625697163
6959,250888.54251414133,341095.5276722203,466936.58836677147
6960,241540.50993916843,355226.3204344272,485283.48942323035
6961,238530.9178509342,382537.0167971002,518603.2835130354
6962,244169.0159942676,407265.8589876794,529821.7487091261
6963,252031.0496128709,406601.3396160028,543570.7150205337
6964,278844.51120934833,461752.9760790392,598613.9805870879
6965,329390.664499809,524342.0214372671,658681.1671603606
6966,378832.3557625983,573449.2116026697,709839.7907228504
6967,405569.9994002659,621946.2546516325,796076.056173489
6968,411555.5526618249,607171.1325077442,809764.1143497054
6969,424873.7809328031,628032.7098967506,830324.8904044231
6970,424335.45198536635,674003.0968629415,825436.6175816208
6971,420888.43556688377,682330.9765494217,872169.73937357
6972,417292.4976880555,652325.6582785725,820278.7240361229
6973,398368.0928665524,634616.7527123633,792696.8380900685
6974,419634.10043621657,689346.4375693593,827194.8409335406
6975,427415.31056542933,691639.2773979423,814807.9770471528
6976,472847.2701770139,664167.2454749115,785191.1273475884
6977,518340.7297687678,653786.1790523485,820214.1046557612
6978,538088.4756379001,664256.2193423606,883656.5790382
6979,525800.7742682316,674289.5662374829,885230.8988277145
6980,485644.3784268128,662560.1500271813,869209.640987746
6981,417824.6792568565,643801.9898675384,880751.1368224804
6982,359182.37021299993,619767.2751597787,842164.9499686761
6983,333337.0870371372,582622.8289742514,773232.6754560231
6984,290787.49053074187,520198.5614571908,728014.9308073495
6985,282017.08506647404,529866.0502794366,722417.6193455305
6986,280373.4615048305,546163.9573698621,722751.6224842821
6987,299422.1122251465,560434.8213507064,746325.3778643792
6988,329708.28775402595,603082.7937673514,782216.9082240391
6989,372302.57874713204,605533.1610088216,810193.4070134148
6990,412259.7376859979,649876.1905049281,823027.4930334773
6991,438201.1781906253,640793.3901162322,879255.5236243665
6992,463727.42264594004,665119.1320546966,927908.3289424169
6993,437482.09414180147,690116.305616436,944059.4976040167
6994,426359.1931424161,691608.1440962218,899714.1124523759
6995,424330.6907222249,631717.3169018904,828740.1253587933
6996,385289.00284604484,529884.4015594331,674471.9223250733
6997,325591.3196207933,386342.2377155893,480960.78814819735
6998,304613.89379951323,289249.57260307664,339795.39539217646
6999,316550.514831556,235372.64717772184,235183.64679632924
7000,350799.32792770216,191604.34597910685,201871.99815760064
7001,385277.0432753449,196603.95767827952,193736.5688345832
7002,398281.1373406498,174134.27376297352,219720.35638531955
7003,382933.0052825281,204542.41211202292,236037.98862604526
7004,371467.6157275066,215840.83415745827,287035.4565949459
7005,311946.6357490476,235921.80353481235,336258.01844383695
7006,250056.14629551047,228228.571023508,351946.3688459461
7007,219155.00520266514,241695.16705731218,338676.67857386934
7008,208585.0487131089,232754.29366149666,357853.9803741414
7009,217558.48514596536,268480.8238309627,386053.3616634123
7010,222724.57783896517,292285.98281714274,417770.1034820078
7011,232313.29305785263,328932.05749508395,451310.93852108764
7012,247926.53591817044,359800.986874058,491958.66876665025
7013,281622.7149664047,386874.88892101776,517647.79723888834
7014,335299.4181215084,441861.00192689046,553346.5273781536
7015,372021.97962536145,467129.8632539972,605430.3480353178
7016,405380.1998498506,488663.51864110614,641997.5516271763
7017,399734.8619025086,512305.1905704809,683795.2603516991
7018,423646.3999557374,505992.2552292398,713331.0077578268
7019,398144.69515050604,455644.6531126736,658853.6925599728
7020,357800.34936263174,376773.7905662353,521197.4523493429
7021,345570.89215794764,265199.4720870491,370806.59151298436
7022,321799.6270536965,173555.00713634965,240080.0032724404
7023,325711.8089669552,138387.13389315922,145850.92849643785
7024,341541.187586667,133858.93138878696,108965.19483956601
7025,365866.9823818736,152318.65460628836,111628.53782362491
7026,391690.68594160565,141088.36186298062,109660.79736010848
7027,394794.95676179026,124230.0291184108,100075.89596218368
7028,368031.53305596637,127719.28489911793,123723.24831593927
7029,283048.70084138255,136631.2376910297,133796.95148505605
7030,227624.2066050669,136964.89701057415,152374.55213503842
7031,194196.65562090272,123451.13324792347,151321.7483201634
7032,177774.18712274535,118554.50302707744,157701.2381031562
7033,172744.98162576195,135072.90976272884,175849.57053100204
7034,179134.466574024,146685.25273176483,192262.03000217886
7035,184092.34028382733,175940.2867242432,217529.32155917966
7036,192775.71521513656,192497.51677347784,259633.27318929206
7037,227549.30387873692,234308.91854607675,293348.307991355
7038,272397.6137431175,285253.80225555267,330683.7599870536
7039,319221.9315188421,305921.52812624275,380842.3510596734
7040,339166.4962968657,308802.2950710514,393115.70544728695
7041,344699.174728224,319739.29390504165,408342.8853409667
7042,328211.32919314416,338649.59823281283,434588.21334087546
7043,328845.67181187274,308947.8769596698,406231.78665946616
7044,309017.60889800236,271694.01016212377,339137.5622113077
7045,289869.5567041291,216631.7942427838,278344.40859164845
7046,280455.1548467955,174849.02822457164,214756.3115110713
7047,296785.88190937287,156866.05931927793,157569.63762629684
7048,361521.88609726686,140666.16461120755,79301.82068652453
7049,391703.47817807464,146472.1852930401,86361.24626662408
7050,413147.96985719,143932.2994408249,86937.78168905566
7051,418653.4279328019,107426.11938744424,88119.05263610293
7052,398109.4310470103,141222.39193866157,106853.3205204417
7053,287193.7242611807,135910.85326250727,102168.97021318528
7054,225167.39593659394,116205.48310711408,115209.9508010123
7055,191895.36983386247,104673.0320496727,119361.63251145704
7056,173188.4267913052,92856.3179301078,125728.58891570126
7057,168940.09690767238,106465.89166559801,133843.95165536294
7058,175630.07493401322,127589.52756619234,153157.8883068205
7059,187049.61561884973,143676.1527016157,168329.54328189456
7060,212036.05968829742,181194.87225284913,209916.38218298156
7061,256618.85400338666,226789.81286893616,244483.3347589905
7062,318454.8822892438,261443.98514197677,267523.8807367096
7063,309750.46197076276,240361.26703670842,279192.8684814752
7064,308135.7739849167,254823.42888832238,311472.8752384786
7065,297908.9899451064,256097.8456274325,321709.8990615013
7066,316102.29251393944,255444.68568492468,316907.1726698553
7067,306945.4330913521,248315.622775843,309292.45406641276
7068,283154.21325565426,226274.52009266202,255890.86056368877
7069,261113.31813702773,194220.9401306679,182934.06286859853
7070,269144.481241294,146949.49254842804,122952.44552290572
7071,294816.65473214025,113936.63994826235,79170.22020966519
7072,357391.02490377036,110266.23663058974,72088.86121675573
7073,386486.37639230944,117445.71790418262,75425.8733085471
7074,404273.8928370516,111863.73974540675,71399.52538558753
7075,396670.80096176977,112645.16574983939,71568.72599869243
7076,371358.12339684984,131018.59631954017,88316.45335139199
7077,279610.5275198248,121690.02597521796,102037.36973632584
7078,223274.8859606518,143539.64275955138,104189.97753638291
7079,183675.4034036993,86119.10742131023,91083.19671012611
7080,177271.43365893548,75180.86921220923,87645.9175883466
7081,172439.10739587803,78339.69955318284,77374.81370394077
7082,169484.17295589027,86402.80078439991,76553.87739591324
7083,174608.0383267929,94592.52600385557,92226.86752092786
7084,193586.38529884533,125744.05456888962,113276.67712905427
7085,239702.8219319745,167423.9563997527,146527.7309488574
7086,287000.57045325363,208597.39578936924,168923.68602943228
7087,304512.21419744054,229435.9475909966,228502.57761738388
7088,310972.9320041953,235634.3963453896,261394.62303915678
7089,289402.6177447563,283423.2587241122,322802.6076511525
7090,321358.7094331325,343063.6263484251,387632.9697885913
7091,323776.28599930205,355214.809654321,423509.464969261
7092,316031.56107376906,349801.59383380105,418217.18155681854
7093,302977.8939375943,331823.5314305614,378801.1071911735
7094,278378.5654993832,316145.69886375754,352796.602955519
7095,319656.5228284346,317226.9734367079,315652.2416163824
7096,377673.0560392348,201699.29557102185,146671.86480446538
7097,385866.15497721377,218630.33196584554,204638.74151633473
7098,421348.5888054762,226096.85777331647,247150.05546423406
7099,388801.44094336394,257146.92964273243,290904.7363196216
7100,384200.9175363148,270477.3173398434,323642.4996210945
7101,334496.455768814,289696.1857979068,370069.9409626361
7102,262468.4481698858,281781.7104249214,376534.03105218126
7103,240785.48262135033,275275.32260438753,375916.762148817
7104,214691.10384864057,281501.7413684298,391091.5504685783
7105,212975.0367590989,286926.8240040858,388297.313331452
7106,206500.53590438844,308398.79735227727,385761.13629045954
7107,214556.09840002327,307468.99826118944,389321.21072035073
7108,238690.86542909322,336802.3993825539,403394.5779559478
7109,277961.9620330543,340889.58781117626,392426.8035769393
7110,316473.34698727384,333385.09323867323,376324.0819681639
7111,314766.7435310746,309551.8011737248,371210.293834907
7112,321416.2427174018,269809.3787341589,337035.08792624465
7113,327508.08477406745,240821.71790303086,308183.2500471692
7114,326174.8666470163,238909.07068727518,275197.0769850526
7115,304148.9659694026,230766.7980461829,258287.86924934178
7116,261753.36299812127,197389.6061579054,215207.5131460178
7117,261097.63953377222,162297.65368892573,165537.73316566355
7118,275170.70546701405,150606.35713611566,140511.7091495715
7119,296304.7557865616,132527.20962919574,99558.89408880756
7120,352593.6841455688,145740.5409306688,75344.40634668178
7121,386203.15548643394,131274.03931288386,87852.71833769705
7122,398125.15373233124,142287.42752691425,105487.18223685389
7123,408952.63106065575,130712.78522924725,98734.82443609292
7124,368348.55231495434,126966.74598688105,109864.46476477181
7125,281108.2400689817,132915.77788210756,103196.70727056323
7126,226501.43511572733,113157.27491386457,90287.32715959556
7127,195328.91458140858,92668.19995790249,82040.36394307448
7128,181242.938575077,67760.74036430323,69456.85167956808
7129,174478.17075168976,64047.74366591038,61554.55637863113
7130,164201.16327066036,69132.67617335494,63447.09656965649
7131,183955.79553479727,93652.58962113297,87072.51551060217
7132,195061.21445397031,133696.51689652857,118697.36343778585
7133,226242.1021667284,180597.96171202432,142927.51790334733
7134,273200.509094228,193717.74508093984,171013.39847917715
7135,284405.0898621961,204358.11447451657,188263.8821814035
7136,286784.96679135074,225200.55363425837,214098.30912677446
7137,303676.16781512403,240634.9906667028,254051.58723234455
7138,303536.0891715875,261905.65918563685,295277.9098734642
7139,295015.5104460663,269864.689808021,316432.5647272551
7140,265570.54129000107,224786.18136627614,249586.93189758155
7141,255007.75221790394,181844.27888407386,161486.31848520687
7142,263809.11498045694,135463.32115957423,112421.27402946833
7143,316567.45595429966,124140.92148714804,87009.84861685961
7144,349943.6930879195,148164.47627360624,69776.45283765519
7145,374805.1592973189,120103.22985106974,79919.08958988874
7146,395068.95712153724,119828.36682300751,103967.51006359672
7147,397791.3074301502,130939.12330429391,87269.91622589125
7148,369663.3634581113,133922.15122570953,104869.91333348963
7149,291423.7755201245,141115.5231022204,136488.49457129906
7150,229907.56101636047,138500.5040009299,151400.08193734166
7151,195024.90676373543,132651.97371764676,159938.44620976556
7152,186890.86781161508,143582.87286272133,186205.27472196025
7153,178507.1814615499,163639.63003112946,214132.77591833274
7154,187280.03466058715,188758.02907000275,247628.23062373197
7155,195116.77733398855,226142.819080679,290649.0531780007
7156,222741.86620522774,287773.86593255476,349812.90383129346
7157,274441.39679160074,326602.5292354325,390217.33808829397
7158,334821.84345044504,343091.99400914856,421407.8225626947
7159,333644.92328223336,362378.8605885498,459868.8105369395
7160,335919.5442503196,380985.36078642216,525180.2510032781
7161,340461.1173957158,381824.36329900223,549764.0585681807
7162,349116.9196036946,413332.2295532803,514010.87656372844
7163,342126.767180744,393463.0438179609,510176.1440374079
7164,294484.3230404593,312415.2760772652,383497.2615601574
7165,264947.41946078563,210515.3378549704,245059.93356391645
7166,280059.8282982201,151084.01626443633,155288.56269406763
7167,300088.86561800574,132428.14902069137,105035.98060190742
7168,368830.7105105094,147946.16425259775,82582.43257394762
7169,376224.87680482236,142169.047418815,96980.15141130114
7170,381406.83897839906,128557.29542231234,109049.79514611847
7171,394859.0983209457,139059.1441713515,116898.82358737433
7172,368522.23981420643,158955.1547306174,144982.99201810325
7173,288311.5278989507,195847.83301329898,187251.81184746098
7174,234789.76898588368,183776.39640210988,209048.39838592394
7175,194150.7395432765,156006.9531759709,202564.46733345604
7176,187612.17753955058,157610.32083966755,220596.8660078781
7177,193164.3107730342,178581.05957304238,245676.1568836511
7178,195831.99699106088,203598.68890630934,263927.8896861723
7179,195754.17483905586,226127.5544977379,300559.8224233866
7180,210136.13639474305,266158.1800438514,351725.1273045263
7181,236199.98022454086,310071.30891582073,384372.36686532217
7182,289161.1139550798,367144.5269646061,434869.26134797913
7183,335193.5062858708,404108.3043471762,484149.53380638314
7184,355170.1079783242,386721.1545966303,487916.25549038645
7185,359321.3052783771,369943.61857976834,502252.4762101936
7186,361092.1473710994,382912.4149488139,516433.7949710638
7187,364460.16030421766,401945.8582893623,492486.01345217315
7188,332696.7736074254,388856.3787807525,488955.01438504487
7189,324132.88980928453,348761.1528759841,456840.41260638315
7190,339794.7383337516,333458.5341465003,447220.7862046227
7191,338885.9908748348,317118.811837285,401842.1670983943
7192,361417.9582333967,272533.94760852144,335565.54926798167
7193,393640.00925690186,266639.08738908905,311800.87168446317
7194,403168.2493801492,243672.1299543134,315850.7592594038
7195,437477.5825436217,258416.57096346913,300406.2885337173
7196,425556.5577610641,259419.42557774344,322477.56850984757
7197,310455.77086976235,253641.37650321014,326420.89802135417
7198,252164.75733277272,245494.12695995637,339620.0972931252
7199,205837.09011878588,238449.70895145927,320569.36159538664
7200,194782.14695971337,227700.9459387325,315665.6771600312
7201,193698.21720242995,228797.01336848558,307501.914015588
7202,195167.70679721632,237711.91519069107,307356.0470497673
7203,194158.41301046067,258658.99465829995,321816.4327808634
7204,209199.47094984198,283322.0868780114,355067.76334879
7205,235755.51689447186,317677.4855194147,389555.1788930547
7206,298596.96006068354,350839.7572690873,426324.5455066264
7207,347642.42491382814,385989.0380526282,459322.3605867464
7208,356967.09484903817,379305.7173878279,485039.29032047925
7209,350482.2528366484,379087.58968121296,515618.42713467084
7210,367020.95207814133,418710.92826681444,529997.3199048341
7211,383216.27270394773,438113.83685105067,561447.391728213
7212,360493.82958803745,423748.7203254973,536979.6514553981
7213,343374.04151238105,388931.77658895624,500215.98762996186
7214,341602.8637932362,391439.26794957987,492437.5364552238
7215,353293.5414529616,372347.29609529016,466832.2102590045
7216,385840.25943346764,347538.76306336344,411003.976093779
7217,425680.3888294307,347244.90592650295,419637.4248966296
7218,456762.13729686174,343533.47724880866,431303.84480766155
7219,452137.18231257977,328220.4957886188,433031.3691057877
7220,400810.86972302396,349797.89526988193,454530.5850679292
7221,339843.81509622186,361339.16781796294,460777.1363103068
7222,273346.86911328597,340408.962896708,457310.20537909825
7223,236131.1415948124,344209.25759413786,431408.29655785515
7224,223333.8706276953,310544.2839144088,433235.79982052365
7225,218914.71956143237,337717.45332217315,440248.3657325296
7226,213653.0336126168,352258.7530719543,455723.6151925039
7227,226126.8614933756,365176.1927486679,471302.3357020781
7228,262242.5420067584,415623.7689376901,506649.71580575116
7229,299125.6118523135,434838.995449761,520370.2925735043
7230,341006.01601420896,453259.5547950112,531875.6052609056
7231,355085.8062130487,455826.27781651,578410.3995133983
7232,364537.16094331763,461284.1852064413,577887.8827915397
7233,383147.8830911065,466940.82745038247,602831.802975602
7234,368801.2927369131,455479.8590177574,588993.2313739527
7235,354615.48837514245,446870.8270404292,579204.1435686527
7236,340149.5979047142,400585.21624178963,505157.91610058915
7237,303663.72426769626,356481.0942184719,412483.74701116286
7238,291822.89834329765,279138.1727812184,317421.1259605841
7239,307748.744924666,230250.61720964994,227621.82479641918
7240,350521.6484595004,185182.8492702818,144422.12331910743
7241,404255.4602884569,191054.10049150998,147170.06660971872
7242,416173.52558300266,157710.92298673457,172966.89341884406
7243,436357.20880830067,171974.22636376636,173252.02778537277
7244,417145.1809765728,206183.5232223138,231973.633149189
7245,316762.58300374873,212198.20409487857,258667.00395648417
7246,235286.83063832112,196937.75529557146,268295.77218002896
7247,206458.47803468694,193886.77813550542,261731.41506049546
7248,199587.49384892936,188384.79242344786,273381.1906072378
7249,192876.39735689314,217118.819893458,285748.5020873323
7250,192285.57579995002,245746.11257385823,303962.63475360774
7251,204794.06122438368,258903.78092853658,326735.78393965453
7252,232230.49994977715,312727.0354957078,360070.82139168907
7253,277341.61815786647,337415.02691437607,409399.30803517776
7254,315634.0503667319,347337.5755250837,418379.4861620801
7255,348716.7338042039,350146.97928795347,445828.87840044196
7256,339281.61318534624,346586.45625829947,473046.23619728204
7257,352461.71434232534,381195.74420076224,493933.7086321855
7258,333227.0985549167,376279.2247812873,474567.886439134
7259,319455.9133317195,356901.9174902215,479495.9619170347
7260,295740.8486614653,324831.2298013529,395522.07360525563
7261,273122.2091378593,265656.7419400396,318178.61959910777
7262,275420.00687363156,213344.9156659866,264128.4237461486
7263,315914.96967442665,199048.58546823496,192649.97265038858
7264,357831.982166291,183881.94152608974,150297.14460747258
7265,360919.63380402134,180059.41181047898,180383.5202932765
7266,384313.91647471034,183718.2368330777,211657.43361550177
7267,403480.95905344124,188603.90872544557,241284.0872391426
7268,401392.09467217146,220047.05617248372,257560.93328192798
7269,300945.8224165097,221246.99314082222,288258.3111817218
7270,239251.70770590464,210226.26586276546,282185.88917806756
7271,205689.2817711055,193642.27671478584,263320.0208168695
7272,190040.32798580732,187632.18648779514,252550.71512721016
7273,186413.08565926302,187847.98513071242,256598.9964629798
7274,188336.20115541865,208685.79967476646,263260.4872678139
7275,193364.32109328147,231342.17731469244,276743.269456526
7276,229538.90259670286,256804.43998816088,298150.8926421501
7277,269224.6294235528,280738.116374075,317049.98786171485
7278,306246.7402482964,279731.9273448664,315112.63349296566
7279,307718.6416336761,283604.1046557067,332408.4071247852
7280,297500.4714810113,265655.15013391495,340392.1762585259
7281,310025.3333321877,270379.6809789241,336607.2262682678
7282,295318.68668495637,270825.1856235303,321875.966329919
7283,308037.72046666744,264973.57226312184,297742.9455496586
7284,271515.5210702478,212738.8229172015,245478.75616836216
7285,265218.5291013368,183379.53400149685,183187.39034814836
7286,265939.5543296609,184844.29724138658,146634.2646682198
7287,304117.2916699804,162201.96100706383,109761.06439009655
7288,375440.70540393103,141289.8510066316,73943.80127153553
7289,394290.3633596365,130809.24868039056,83108.83448138514
7290,416767.8159008182,124043.0840559815,91929.19977565069
7291,407863.771620344,129079.87699505102,90089.92644430655
7292,385475.961969467,145801.14685437636,109660.79736010847
7293,285196.49596350826,143492.67610095226,107069.52130385354
7294,225625.4378923309,124086.91736989343,103331.44109210979
7295,181710.18721904804,105404.54236521255,106445.98571111506
7296,172944.36290843986,82690.54134358051,107204.25512540001
7297,169393.86551876104,98799.40149718478,110472.33363407468
7298,174235.20976956174,120279.1328057515,129513.66929775196
7299,183570.04767972944,159996.00256805588,160784.44927529027
7300,221993.26312157905,204290.83972093975,197153.03129956682
7301,269188.7427287794,226482.577531058,216317.7233083548
7302,300900.78904725536,258554.2705711634,261069.45450420553
7303,291887.98283941974,244802.1547861897,300861.2468412501
7304,310666.10061251244,289202.3359928065,351661.84108146426
7305,323366.76919830724,351195.99627983785,406910.55223842704
7306,333889.21269128984,356060.8741574639,415497.11917114235
7307,330261.33460354235,359708.2952676805,461151.5979886392
7308,318982.6401721359,347140.19156564854,435329.1371620961
7309,319815.2187435846,352667.1267442254,414418.5602301162
7310,324326.4556289016,335378.654473114,395652.2829553952
7311,349988.7587503984,333374.4197597125,322060.8336664594
7312,394968.8746715618,181087.96990469992,115288.28441819052
7313,418033.3859324955,182100.86127548545,146862.99883038015
7314,406545.72081791365,164615.00504493917,160273.71409128828
7315,373380.4545689139,159331.08001608093,165600.40005940615
7316,345546.40940297383,200911.53585379923,233280.6453013725
7317,310377.01226635824,207163.14495950774,273205.7233047585
7318,237994.6475928818,224671.26971994294,302753.6487678537
7319,213005.66142016114,226115.81933740102,318875.02398239524
7320,215652.4867305857,240694.07180770166,347283.5252421065
7321,219914.47119836067,280109.7718512552,390512.15766823496
7322,231150.6629807658,325853.48769449187,439589.08651310654
7323,256780.12982460743,374497.4497467812,493556.49938006955
7324,284702.37118695286,458056.26248757954,575401.7085464012
7325,336521.4536224262,483970.5775375884,606548.4085392104
7326,365632.5947005812,527796.264646371,652192.8781632999
7327,380485.02227470744,536153.3236688998,717660.5544449347
7328,399292.1144090223,538767.8888420645,759800.5793579163
7329,401910.9549157006,591476.1035338859,792695.6795567672
7330,391993.21430675435,590213.1752477791,779625.4662739817
7331,401108.8166409338,566106.9551111382,752828.5528681431
7332,384922.146656289,516871.59076434345,671058.0672155017
7333,370411.6459850409,469851.93343590805,589037.456967641
7334,384210.64586691285,423563.34379695944,542935.2615864066
7335,389637.886257788,417903.81553828856,485249.8815522089
7336,394339.6024433452,303699.5611013036,305074.9721175381
7337,428257.47069390136,289411.58309683244,346587.4662970759
7338,425458.7414927799,287501.53303843766,373122.9422693171
7339,404679.5853923984,298980.41563082667,405635.418637956
7340,377325.2445307019,314502.9360261537,443838.7891513508
7341,330780.55580584257,317796.28048353887,456656.88468440506
7342,269957.60759787244,328274.13089276076,467062.34878647816
7343,247887.24021465814,323924.89359482424,459271.5438446886
7344,236292.711841228,318234.04796394735,475736.2187308327
7345,234103.43606648626,358671.3859340444,500320.06733845914
7346,236882.53302309316,383180.6426587147,523468.907447766
7347,251992.0388617797,407388.1887313475,562214.5646355266
7348,271691.4036406694,459169.78048772045,622954.62878741
7349,305491.63590214984,520854.34611140884,657030.2430816463
7350,357138.43719851744,571657.9278826211,716610.8518984184
7351,401135.29197409825,603976.3214447413,790185.7448293342
7352,431884.8722532476,617937.4534711957,841893.3964232131
7353,427814.8608988648,624344.471416109,877651.808288142
7354,451961.7905026145,656979.0195505235,894686.7621207247
7355,458097.7273853919,626150.9339705015,877617.4667774334
7356,408278.9530930409,546106.365816728,749136.0557282045
7357,362547.18391553813,403082.7115113212,585862.0328125238
7358,346619.8732787797,292012.7283510591,446925.2970271878
7359,382672.9434906537,272724.00925978395,330276.10406234564
7360,405340.0127418477,228431.53468230585,252456.62181594595
7361,433439.1482100303,222332.94003479445,254380.58842449298
7362,444736.0613587143,229767.78052246128,272163.59118778334
7363,402687.0961958681,206193.93609994862,272264.6906172458
7364,363146.94895334373,242220.1782288725,312657.66626038816
7365,325563.5279687486,268328.1612456985,360926.7147571663
7366,248163.1825265135,273261.76506321854,394573.39490130445
7367,224605.79740800915,279041.18574188015,381675.5115262013
7368,226489.6817237708,286969.68208159157,412657.9596389703
7369,230104.33776342002,341881.4505852649,470056.75342822744
7370,241797.1304198167,385634.956364849,520971.8261340113
7371,259621.79940194043,430171.9491189013,571569.5834509807
7372,276626.0972171671,491700.63261175377,643768.5541897153
7373,328421.4596083142,552004.2073941932,692377.5096336261
7374,385933.238613445,605056.0004139682,747342.7244164755
7375,428227.403726205,637014.9349563768,809646.8394770017
7376,457119.6016584531,651977.5171241607,870586.2571852955
7377,475964.7112733685,671618.0808377141,919258.8744276785
7378,455039.05587457004,713069.4920271011,977691.903266154
7379,448689.01231294894,681664.3284770588,935754.2343781163
7380,407871.94921103516,582716.7808786087,797752.6677071771
7381,389963.5127340497,456609.17699015426,639996.9037643335
7382,364078.68183132843,367107.0161006964,516433.72626780655
7383,394456.90708578436,333904.7508554439,395654.80165674514
7384,444832.4379736226,309565.77555591246,339689.6511141154
7385,453826.2835108202,278460.0227755584,351580.04109884007
7386,447465.876993565,285470.45117955346,385318.0463392839
7387,435222.64825041377,303517.0418481619,415694.40079337213
7388,393977.87160080863,342518.9036471355,464260.1026360586
7389,338254.34442671423,330525.91196721897,482672.85807719437
7390,280563.4496235776,347061.87691277644,496141.3074837632
7391,253441.16922495232,340975.1934689655,484406.8897464633
7392,239537.24625412966,336157.63412287115,497701.0443268231
7393,240141.53131904034,385421.1516685509,522611.3971932774
7394,250660.95315911085,394361.2448314254,537143.8474710138
7395,273178.59233136626,426727.2848745327,572634.7460681298
7396,309312.20991801796,473129.8150582419,621307.5923922888
7397,338502.6253452653,522031.343222416,651411.8227052222
7398,375117.3485683781,531160.1555197344,662120.7218020719
7399,385298.3466602636,542851.3545667432,732348.484486401
7400,401196.8260844222,577111.7910987135,803670.9109302307
7401,417566.9674193557,592209.0888301634,825919.7705369525
7402,408413.0037102458,612834.0635680172,805838.1098908522
7403,412801.03474933025,580557.0169496727,802155.7384322014
7404,377138.36966350913,494121.1832819959,670749.8286110561
7405,350078.10138465883,384918.92785531067,505311.1484771874
7406,352737.01789785794,322452.7195784518,393820.0097330897
7407,390252.85258690605,306595.565862762,318008.0111382623
7408,421461.453047656,234676.47495814532,228439.0206171254
7409,442428.2791603458,248022.0937264894,274375.9295744509
7410,446983.5191763727,265861.83359228796,335941.3379049755
7411,407245.9980542675,304061.0557198965,367390.85230057134
7412,398113.57212289097,328403.51780897955,446753.34387905424
7413,359081.34667984175,329108.0858219448,473974.08688134496
7414,297872.03206511226,329970.58033356664,494817.98901438876
7415,255750.16194949314,359216.1574437707,523894.4941572477
7416,272432.66967879946,422405.1122373786,605980.6444673442
7417,267889.96937043907,451359.619779639,662717.9541362689
7418,272920.3694915559,504508.1539237977,720044.2099460586
7419,288430.0129506421,577332.3644489008,780622.9660894269
7420,315373.80782435625,641593.9603321718,865459.1623603682
7421,338483.08373728587,758653.8817031138,975841.2355913771
7422,394105.02436700853,805786.7418669648,1020421.2248127236
7423,430472.67515783024,832075.5250580069,1040548.6486985339
7424,448445.0216075062,844367.7886355154,1106293.4638997356
7425,488262.8276830887,887933.9612620805,1164097.5494031096
7426,487351.48500575585,904392.1008345245,1138728.7720730721
7427,449604.71058141795,840979.0652939479,1083201.1972628117
7428,453332.21680316847,751197.1427238735,994261.0520838919
7429,418992.1029963298,658597.8829563219,840882.0687233679
7430,368424.198469805,544554.5710281386,684174.3322492389
7431,392442.97542393714,464215.7572491655,597275.8364916685
7432,375857.82504531724,274343.5497835039,232005.3740137115
7433,415811.924237032,312930.55209768564,321149.79964527156
7434,456070.91680719756,320187.8643128385,367770.9197079356
7435,450079.3721985408,327396.471672592,430491.1614537741
7436,442938.2475034088,367976.53166877385,489091.8409333332
7437,416948.7341313986,444642.74317889113,586752.4874331017
7438,360651.92886449496,443707.9653348777,633428.2231825931
7439,313790.794265358,458568.05482919764,656059.1478630193
7440,280045.30250766303,457176.1747975967,657256.6657824577
7441,263107.72807431273,487872.45982265205,718823.5373419657
7442,264691.587774249,539831.9675724623,760913.7359095528
7443,277099.9025253708,577049.8536330254,799981.9008883154
7444,299077.71210642636,624284.8599561559,855614.4980989967
7445,336757.4477427797,728046.9024770407,929224.0695810231
7446,391168.4407214075,750867.2909331803,979831.7982502674
7447,425297.00701756595,782196.8159729979,1016653.2419747637
7448,445025.63167336537,800991.1787898298,1119301.4580572476
7449,456224.17324489844,826410.588746025,1166063.6351414307
7450,459163.3481125649,858975.7043279406,1167350.4089480161
7451,466130.083293299,816128.8565219399,1078709.7110921987
7452,427972.2052975124,712243.461836392,970765.934202827
7453,383328.49935205735,524325.7816077622,729129.4036637451
7454,354759.90205089125,436790.7001124017,574032.1520662479
7455,356630.19488945906,375165.61397245724,459272.83479282446
7456,385864.5192441399,378769.034367157,404471.2058536907
7457,444223.25648266927,377658.09751387127,429804.1323316773
7458,503661.211450358,368356.9229907437,468324.3828118032
7459,506637.9034935678,381207.0560740685,537255.0471871342
7460,468251.1963344811,428060.2029385023,572654.7788125238
7461,432050.94604673766,484391.61413735605,632579.3961342984
7462,372889.15461553406,442951.6114057661,652580.2270673054
7463,305413.5358394313,439649.81805971946,635447.5098489092
7464,274618.5326005662,412329.6679163537,600021.4780498624
7465,261420.76655303888,393766.4549918567,577276.015837114
7466,253504.71637599354,414621.17619253846,574641.382108705
7467,252861.9252092288,419849.1199133765,581272.1508616648
7468,275138.30687917245,448125.0088249084,594677.748335249
7469,301395.8815126312,501660.92633673304,634199.1503364196
7470,353347.4353077617,524960.519136666,636508.9662658978
7471,381477.68442722934,524096.7041348719,661695.1701687959
7472,403732.0903653594,528389.608269393,703171.2323944907
7473,415225.1283708119,548759.9201665574,734990.2233112275
7474,410597.5239688942,537742.7771413127,753982.0934473306
7475,383762.7615080578,523257.35555540473,681141.8792061638
7476,352977.7791277566,425706.86706842907,573536.5671561805
7477,304901.9991820129,306352.24469655554,409376.5061442199
7478,290151.1193415761,218815.18254653207,253772.71955519024
7479,292070.1218189083,170360.60411745726,173643.69587126383
7480,317261.36661621695,191826.67940506124,144591.3239322123
7481,360027.7422586238,185759.7868332079,144030.45523321634
7482,389201.5406097398,190448.44339492754,157716.30172706652
7483,386968.71175128367,177394.97969591373,195050.42146843346
7484,387552.4044053909,193362.13559273185,214348.9767017447
7485,332777.65847347863,231355.21336905926,270517.3135632027
7486,305547.6021087746,237178.07368410367,300152.4876140598
7487,256568.00160934214,221803.30424754607,329383.9148839699
7488,212676.4493726138,231636.2493253376,335198.94793958764
7489,214475.18584989035,241566.85072782545,364712.03441487055
7490,222202.44373124905,274024.46459591953,391091.52373998635
7491,231707.99879477813,317978.8898201206,432063.20286084677
7492,247955.68652421894,351615.97281079413,482778.51545152994
7493,291197.5113553189,431936.9977571549,533362.7933940531
7494,342797.51893097867,401691.6119829142,544967.3911570676
7495,379847.60299793014,440667.4871169378,551255.5335915503
7496,374049.8347007822,437257.4824770367,608702.4453637959
7497,390148.99172257603,476923.8321832792,678851.6407249747
7498,389508.3939126127,474026.8243472339,668653.7931216013
7499,375296.65348443127,448859.4179031804,607031.0603877781
7500,340981.393822095,363445.418256026,481397.0182905874
7501,307137.0966450721,259502.09896109268,315289.6757975757
7502,273695.23046679125,171564.44519976433,190350.68974303067
7503,285544.3070833022,162699.2747520582,141896.64750128213
7504,337870.161485942,168227.68444578204,126214.25734220611
7505,382999.6438471501,171345.34565362037,127188.72753990297
7506,413241.94868241233,161822.25660088722,158412.50734713423
7507,395306.34506569937,176372.5374883814,181276.5235291078
7508,371995.9005337878,185281.625134107,211594.76672175917
7509,354879.08106785687,201074.93481592063,255279.8583496988
7510,289121.1620488996,211671.52739679933,275198.530525772
7511,226146.044284217,188379.11218896162,277268.96040415636
7512,198943.13349402224,187603.6512685323,260199.20950848982
7513,189570.96497015172,178621.59198372767,266735.366525839
7514,187634.2480529764,203046.29866940816,267788.170340714
7515,189238.87508127655,224761.60052854352,289104.3142472464
7516,201789.77603999156,246344.3803388526,305487.64078319183
7517,208856.5803808524,268407.299143866,341043.9591514223
7518,245575.3537782361,319963.60396368045,362899.56612165447
7519,282631.9783556681,356610.29860821745,398366.1477933467
7520,320789.12866651634,364382.58523841976,425846.4002917006
7521,360770.491459017,348004.64385920507,458599.5334249094
7522,365716.432973084,373364.58196939115,471146.8554296874
7523,347597.75181638845,373965.4578235448,479587.6445943213
7524,336837.6853227157,337838.62829786335,449399.3545623011
7525,321139.43403519195,303737.6953935665,389568.744950634
7526,301278.4050057539,217631.98467628163,288644.0707077169
7527,299311.67227566073,160615.78484951134,183134.59692857476
7528,493154.4548897167,117804.3602019543,52317.45624097752
7529,524021.1217338998,124952.72585477725,55347.40055343036
7530,532800.7929190211,139012.8645027641,53392.193468662445
7531,493721.7295038864,131623.09726220072,72073.19449332003
7532,457884.2725465995,151509.96682749223,77243.21322708137
7533,395881.5539756855,145843.70672338872,102591.9717459475
7534,323272.37860373256,134180.40920251547,111885.47208796939
7535,228224.44627843454,122081.45947915385,122300.70982798318
7536,197122.70217842565,120933.7672634061,138619.1689585462
7537,189963.3725965618,126909.2063844447,161426.78493615147
7538,186980.93748941098,153905.55126556024,188492.6163435638
7539,189496.12025179877,200692.72115717235,233644.11328507942
7540,190866.59519136365,233164.7785713645,271651.584339943
7541,205205.9930353628,295041.5521425654,333884.0293192186
7542,249352.1292795301,331290.64500764845,381359.8268862231
7543,297933.3229520059,374406.5031990012,440613.37186495075
7544,342835.2905051778,397716.02759205503,463924.06035720813
7545,369156.7461276645,404736.2577095857,525904.2378518488
7546,385005.9721743011,438603.9955740443,578848.7184117079
7547,402151.65970387496,446629.91503600695,594696.250991348
7548,417604.7570674814,442574.57601529657,600609.3334651716
7549,358229.96665901266,414947.74778586533,559400.4759580434
7550,350132.74420823687,390760.50506224914,516972.914911949
7551,338651.8832242673,335001.5472242985,403997.90376102994
7552,464788.0179370586,152628.7551951903,85020.17474053324
7553,486027.3434718488,176045.0610789416,109381.92968295407
7554,477301.67587893095,177778.40390166536,139001.43701037578
7555,446373.0009642527,193262.6728437329,188364.14921139154
7556,404830.71912989503,218465.35382793393,210855.29737559686
7557,370540.3224682031,254709.7098970505,281885.0880881032
7558,313311.61610224296,274785.80033147597,329161.6897546381
7559,260153.84108258798,306896.6812179077,389074.2529881031
7560,242183.59793055532,317997.606108974,429262.7432333539
7561,233681.02195179567,338453.97363804135,465777.20189844805
7562,236090.29747918,399089.1363108824,529014.0306054011
7563,244216.84068415934,423679.57514790195,555200.439497679
7564,262409.9334911665,471615.9620379709,599802.5605975264
7565,294009.42247797886,536494.834091679,664182.4071858842
7566,356280.63957822457,581606.2913754861,716516.7382056742
7567,402102.1843061229,609233.6812211918,751157.3874322551
7568,399604.72851246607,585512.1866041068,750376.8885865546
7569,424975.83199231094,630351.9801052889,820934.8583165021
7570,423809.57652153075,641009.5575281762,848439.8365204231
7571,403017.54191833735,625649.2597899354,824878.2239863919
7572,410727.6847858017,621182.9700075494,825054.6616020388
7573,373153.307846368,600372.7329248136,765695.3114290854
7574,363780.6552032913,587534.414152899,682020.175559298
7575,392752.51336067717,561865.4633775476,650811.5551340369
7576,396261.1982351409,356712.51544998685,340912.19930000074
7577,428022.1295817554,401038.88098726596,394112.3576336587
7578,459694.0050722015,396721.7687308528,460395.9094031502
7579,467421.30277014896,418584.1193818325,541239.4897652101
7580,428238.6163084824,415739.5845232569,542160.5480622485
7581,409508.4783109185,478201.34380198363,641915.3244889108
7582,370700.0121116105,493515.01161633147,678831.5043103353
7583,315793.17266421777,484259.8869015966,690899.2408158709
7584,277846.08631142636,488992.7490946535,656573.9325243406
7585,270642.2405876508,479520.72742478125,672509.9990827623
7586,274549.9501973667,507332.93562427786,694303.7546043664
7587,276662.9182455077,535226.9996103455,709350.3373969
7588,294856.67528134666,565539.4200426938,744261.2771724648
7589,323114.6199834778,644216.233239096,788343.3612176244
7590,388524.36291160475,647616.1251598769,802358.2776868199
7591,423915.5977575056,655305.5841439816,817392.0709083084
7592,406517.5431581907,634779.8357120956,825692.1284899599
7593,418742.30890009366,632073.7041329545,868927.5487187397
7594,418508.7686290968,672600.1641338681,883343.6043027415
7595,407437.25636010367,690466.653066718,847690.8640471889
7596,409565.27045378875,683511.8404110617,859141.5357192243
7597,401295.35579424014,653744.4295681493,801127.9819975886
7598,396258.34626633965,622134.740787444,749845.211409582
7599,407338.562784751,625108.7913872261,735509.0484845801
7600,394426.1752041771,547830.3229088313,617146.3308984548
7601,452969.64701674035,535235.2752744418,628650.9652679524
7602,487313.1286523755,495184.2267611209,643662.1144911988
7603,506287.6810086405,494282.7618190488,670540.4907123428
7604,504175.52545720397,506473.3995751801,671441.7276372252
7605,415171.0101040388,541863.4321233928,697196.859143183
7606,388683.2578200444,530905.2712378385,703843.0060570883
7607,317011.1555286486,464020.54245165386,666460.5340224286
7608,286103.1058114554,441424.204865282,608300.8523222037
7609,259086.55622158764,400337.41391784337,575485.3051460406
7610,243300.57842879446,415987.8003958904,565666.8036407724
7611,242655.0149095637,421131.4956831092,561299.0826725977
7612,247490.51451880104,431231.63958974613,568037.1889869443
7613,283967.03946493694,495825.6009719919,605530.405798538
7614,342550.50262156315,527433.0633624857,624572.2239798186
7615,373544.51195124834,522039.4872265655,624516.5496224741
7616,352337.64409005933,474995.2666408378,626785.1319825168
7617,363148.75361689436,480354.03989458684,658241.6668479126
7618,357353.3261847788,504156.73913096206,661854.3389530914
7619,337510.62270662974,504476.9712829254,626055.6076691812
7620,353296.01236305264,475829.1824576008,612714.1134381435
7621,354165.2448919631,430309.3973887865,542306.7714742771
7622,342661.15167664865,410262.8445354287,484916.4956563909
7623,343431.05073137715,381657.0496156354,421087.1500059241
7624,377612.8247788849,369791.844054763,392550.8927588862
7625,424728.7324779976,332974.20618831104,396713.60026067257
7626,422491.49217733514,322943.213690892,384898.94373530237
7627,418013.2558974272,305992.2713415854,384666.39481152385
7628,405228.7847601245,285446.7794254012,383997.6580969202
7629,371746.3596051442,288305.24432861304,399573.5145366338
7630,338039.0453745897,272957.4055924485,397017.9214177595
7631,249656.78325266027,242552.88246474235,354989.15298348863
7632,203487.68480576118,216155.1572215538,331100.533088824
7633,197847.37863932308,203753.73082283355,308211.45014935354
7634,191969.97414010603,219648.987350387,311069.06050401425
7635,195360.67492818195,239133.7331769277,311938.5919654097
7636,215112.78131115882,265338.0455980653,320917.16285565775
7637,238588.17486290983,298748.8497293503,363853.57535546087
7638,300112.7475347421,318355.22629965516,378112.9337340923
7639,321542.1669124971,318691.3822414368,377972.56658722454
7640,332078.9064384377,336994.2371543345,408588.6734491629
7641,340297.76968581846,327984.5977339414,427812.3019515204
7642,340807.37078887,342431.64580530004,445360.27168260585
7643,324468.2085162618,322404.26164885185,416940.5310087474
7644,323678.4112880738,327765.4144085282,415654.272838898
7645,291022.23520606954,304446.7951532577,363973.3909454848
7646,288457.08779725863,265881.43794140004,318460.5998902661
7647,301283.3489185556,231728.0646309736,250087.9062031276
7648,342858.63126683177,243566.72891920246,231754.70643874118
7649,394615.7293512879,229339.5846749769,229161.13399904614
7650,429931.3727376331,213840.26897606978,235176.31883708507
7651,412296.04081008513,216805.80378597014,249766.77086383558
7652,399004.67579707,231851.20340159224,278299.8396362484
7653,358143.90101454715,249211.87664733912,304846.23795537796
7654,297326.02166380186,240912.78596920488,314531.4063832909
7655,228993.359541778,214351.0209159257,302822.0972874931
7656,204298.33443745034,207488.426352081,287619.1088655477
7657,191879.74912574142,196991.55409166263,294916.66864186904
7658,192463.51334994717,217582.08574324253,298629.6820961159
7659,194349.6383336068,243577.55320084884,308277.2503877833
7660,217912.0117786177,262869.0565257107,335568.6826126687
7661,240292.9178775906,314545.6153474336,369103.9124883798
7662,296154.74065971456,345108.996683254,390557.98794787284
7663,322572.3240345484,346407.40780520905,432147.9371995376
7664,322160.4471584997,367142.05655654316,463310.9523703098
7665,344083.99449442205,401721.5087688345,513067.2475934663
7666,359660.48440993874,429345.1440985346,555365.4100427736
7667,373258.2218988633,464072.9207335177,557962.3356406813
7668,352837.71885134396,412404.8626357946,533286.5230433645
7669,298214.6034207734,327803.8841243921,412011.09980496875
7670,292798.6594702533,288032.89467864204,314242.7334890009
7671,307814.94045807124,224235.29915622956,241481.17174353785
7672,349826.6619919207,241461.4228948232,244300.08241570526
7673,389334.22601241904,248071.13811097713,258958.40501238726
7674,450895.68803353404,257931.6397945377,288123.57736017514
7675,429851.092745325,252628.29473096094,338697.5885077591
7676,403476.65497650794,295788.97528433625,354657.1253556182
7677,372067.10113442823,342882.7301812676,414278.30115332606
7678,329162.57693700376,330324.5862486303,469277.9004464851
7679,265056.81983800605,314834.9889450093,458184.12231221027
7680,247801.3105405974,315788.0786730764,451017.3243884532
7681,234238.10389534518,309933.1644094414,463163.92525506654
7682,234512.25511433816,346472.018378009,487954.28204251564
7683,242685.82081743202,396463.42697477696,532631.1381072359
7684,254856.05615774504,436333.36146284064,574215.9913236286
7685,279492.6754748071,489173.7624562538,632353.2890303511
7686,331857.3871456222,529969.5419218665,677237.57106751
7687,383821.9042381582,603730.3420649779,733961.0794037613
7688,424660.32720849174,623762.2831393888,790010.9979571312
7689,437041.3701151156,618921.0888703348,863765.7957065351
7690,446785.5523622877,657186.9037133608,913408.9736609552
7691,447450.8113395697,689085.7188072295,936538.0950465405
7692,440588.69831118674,623523.1893212172,867797.0487392588
7693,392805.61163306935,486886.49545632285,686719.1338144427
7694,382788.38033144764,374335.23409631604,540314.1273034563
7695,369131.0153985399,289436.8341687228,408153.2915887399
7696,373446.26109922194,336458.77174794,405880.2265109833
7697,424482.6008895585,321963.2475731023,406711.7452858389
7698,453198.181790357,309176.57058055094,419064.6950602595
7699,442216.23803919787,347153.26113172324,450696.93921437714
7700,457523.0899735514,348250.7528090609,473678.7299944222
7701,409459.74363050115,388507.8983258671,523727.3331479137
7702,360357.03618027264,401295.88792140025,557658.5096989715
7703,287354.44464297895,395996.56127506006,573382.9549399775
7704,262961.6272056237,413882.33987102786,591773.8323122943
7705,268086.55674645875,427813.536976727,626832.053533484
7706,268079.38982242637,473950.20057292026,674562.372513657
7707,279703.3615040201,518533.4473906497,723953.451802206
7708,297376.6280947944,569456.7808821714,788421.6307535968
7709,301569.157711511,651549.9313289239,871313.6114840736
7710,342262.38855242374,704109.9837446164,902390.858469809
7711,420894.16096797073,757968.5723696792,968063.4170822641
7712,436621.93765568524,792724.5966498909,1016282.4768232128
7713,465062.2256718475,768151.6107729401,1054755.1037646928
7714,485267.0465638155,735880.3001559938,1030820.6230529798
7715,466585.1034873765,748354.7707891755,1027334.3360866336
7716,464960.50797022565,696493.5562309526,945653.8463146164
7717,455794.5653191095,583754.2854652873,811213.6516291044
7718,396897.1256002291,495843.95499837364,689352.2365392322
7719,379886.1310933724,392051.2467259681,556050.7022066874
7720,414174.1310749194,407481.49007205706,552264.9159561828
7721,471670.56864698406,431412.38498621713,555482.6427701591
7722,496368.0276850011,426099.3382832084,547776.3166198854
7723,478021.09554587904,409563.6652005871,561999.3376621001
7724,471068.71987271635,419363.09490835184,566338.880393238
7725,422553.88171993237,435153.5297007433,620357.8908248844
7726,359046.9158464615,415279.55980591057,607137.4655543319
7727,300593.5924052994,418292.8052565568,610748.9209161971
7728,272489.078914669,418488.9779209191,590548.4037552166
7729,279585.7382721268,417875.3587771792,605542.9976805357
7730,262575.86106946267,442826.76845560345,638511.9825004125
7731,263998.4587012505,486392.00020638504,655879.6509689778
7732,288390.06109038554,511487.93982058647,697368.9895897638
7733,315934.6448658659,564098.6721790598,736455.2355332202
7734,367369.97431921435,593310.8054807935,766268.0578189697
7735,404866.1007802765,617146.8278477674,794849.7392528452
7736,402372.7716780204,602230.8361770201,829902.735431071
7737,408196.11705253855,604643.9577529577,854934.9426265344
7738,436854.35847582814,597372.6938944481,835007.2128340186
7739,420325.48348414095,594478.459172019,766852.662598009
7740,411776.4658905374,535550.5246008142,723167.0098989209
7741,349119.2704645712,452333.5096360702,607444.9800305278
7742,316952.72393050627,416754.246666899,513220.39675947337
7743,328597.28383000725,348016.77406461694,416737.251618469
7744,354515.13634608145,360686.02603274374,410581.32201812364
7745,412237.78949093155,353985.1254594384,410622.51885372045
7746,425457.93716091535,346666.40303958853,419411.21700227313
7747,447759.4991685715,347161.7395938177,444331.2933682111
7748,424373.1196813544,361616.49231116124,458633.25782665086
7749,396608.60624930944,354598.0545966317,474535.4122071821
7750,321443.37901455286,338617.5777959298,459088.7937006484
7751,255958.68552875955,291448.2068759039,439284.0263706065
7752,222888.18374591728,284207.33215346764,402518.8585425344
7753,208393.1634897676,264001.04574448225,388673.6464549635
7754,201844.79762326617,267303.8256266707,385072.3953246052
7755,205981.7628176485,282561.45488832035,378040.6217298691
7756,222564.5065398315,295669.5594270387,383474.38953416975
7757,248347.17998240082,363507.0416023959,430736.4239428793
7758,295649.5950160174,376478.5021522178,433776.9529970253
7759,326705.5792478451,392889.9395163044,437418.24091688934
7760,332981.6021275933,367169.5864245694,454005.9546346028
7761,337857.2231473541,371087.9093571658,467025.48902425764
7762,339448.38823141635,370669.51672915503,471209.7077441598
7763,323419.11377598287,335210.325164414,424738.38249321724
7764,322455.2416113702,336287.77684043767,430189.7541041918
7765,307100.73546912463,324447.9563982865,390335.72437333385
7766,295731.07766023255,302357.1055847527,341705.6556733542
7767,308008.9503202961,264182.0592346163,277285.33808739926
7768,347032.65930434526,299423.25609465624,307057.180642263
7769,399317.5466595761,319160.6299310786,328275.12827729667
7770,428219.60705769353,334899.50407379266,363313.7387652745
7771,426940.68885733746,289051.5035116778,397663.65315690055
7772,416664.8681297214,332927.6103987677,418737.82485610934
7773,378986.8025258603,337441.283656508,478815.54272031353
7774,347321.87027616706,340435.2949985001,496181.7496601732
7775,272686.16380159603,350429.5710127477,492046.3166089325
7776,254313.2605662787,339279.24680089543,485281.2520128595
7777,241042.7947788978,336933.41340452514,497564.13722985715
7778,238586.1803071352,360837.98487214244,515434.4872400182
7779,246432.6674798045,400901.3824498188,534455.8509766409
7780,264494.03431201365,422648.4366521736,574215.5175669261
7781,299536.43672552693,511796.37216777465,629153.6776251354
7782,364307.9842307488,555742.5830294577,680896.0990363666
7783,416955.7033248971,564756.0396167152,692008.8544042893
7784,421363.8731599554,554919.1589044424,743345.1572225041
7785,443307.67674200493,587430.808883689,782023.7333751452
7786,424858.103106328,585036.915316998,788941.5350491867
7787,411094.8414448145,575547.9320303198,753846.2508129894
7788,407879.7266014041,536993.3593690502,708153.7084231843
7789,353609.70133966696,435116.702152268,581325.9870288217
7790,331582.30930119933,362820.3029285883,456093.9500752663
7791,313448.3394601354,314064.50451320055,339796.64678879624
7792,350785.91148981045,331853.3233388699,336999.14156755817
7793,400133.4521958809,307157.55720397225,343195.25993110135
7794,431298.2294785544,284068.25856575056,352551.84374190547
7795,420926.60485681775,299021.14911175956,399184.30123626674
7796,418645.98939637846,336931.3189227827,439365.0866856178
7797,395308.933979975,343562.21353831934,493998.68077376444
7798,350440.8597217982,355205.9169223438,525477.4108445606
7799,291387.4398284696,363358.1607504442,539913.5135192896
7800,256465.18463267403,354526.3562976146,528077.5046433775
7801,250724.74803238333,367524.55919032777,538139.0431716931
7802,250119.9567991702,395457.62333020923,562314.0681874971
7803,259404.0483872456,426888.8238533868,583266.0340449188
7804,276200.6176956485,475590.8862451831,645905.0178702773
7805,320141.7957138884,545133.0137345525,690080.1879631685
7806,370972.25115296274,586945.2917948652,733508.8129520833
7807,407766.7919742086,621599.6235060535,772553.7330086554
7808,412804.02865514014,614701.7506455259,832959.3985157429
7809,407541.5555184248,633738.2853294075,896431.7890790573
7810,433191.5748790572,689714.5107080742,911978.7055425225
7811,434844.28410360945,678510.3533115888,874038.0177364073
7812,420203.4294723356,607627.2837278603,813408.0275076729
7813,377070.8458087677,503877.22512634133,646274.3386531032
7814,323392.94691997214,385076.3161944277,496639.7978222364
7815,339965.51353728253,325810.35812644556,389691.94851027033
7816,393930.11627758027,360519.41135063895,393194.49049527204
7817,403803.91904385533,346762.5989317794,404782.1305022187
7818,463133.5402996223,354700.5995865362,438476.93393267493
7819,441771.83844490844,339885.94567176694,478487.1236400705
7820,424975.5107149407,382963.60408260627,490733.7766239719
7821,425480.36284145404,437873.74387157004,576071.4531037066
7822,367630.46586991334,463466.1699868126,642109.6393252825
7823,315357.98386791005,482930.8233756061,687448.5652745944
7824,290020.54984156,496121.56309147604,684812.4596593721
7825,275251.006185367,481989.7662408645,707074.8877839774
7826,277827.45266651193,531432.0490574068,728720.6387024805
7827,282189.3420815813,545735.0503961985,733664.7163387721
7828,300122.78791091475,571897.6044618821,773128.6535803996
7829,342344.3500249513,630776.2391141249,813253.4558564058
7830,384705.2322443417,659947.2333965269,839890.9811659788
7831,405081.51999312267,681783.6191897113,843677.8471274613
7832,416806.998486682,670191.4788159302,889511.4893506633
7833,452602.10512602824,682054.5483248959,930637.8399367031
7834,447418.502933799,676011.2248130421,911565.0005877073
7835,433705.2463466614,679550.8909193694,869273.5127880292
7836,430765.2767030466,647288.4756052797,868475.8048884235
7837,407142.0040910088,646512.7685750797,821266.6341572902
7838,387921.784494258,619859.7650171007,763097.2304001139
7839,392453.1187265504,610454.6583201237,732207.9655260928
7840,440619.876357444,605242.3088973297,732880.5127397465
7841,498030.49767060584,595933.3750765754,728205.4492940874
7842,514457.419804042,571415.5598766909,744471.0478448699
7843,526080.3253081046,582408.564098523,787400.9957011917
7844,491014.28159168456,557442.2499438634,731012.5562492041
7845,438605.6365159341,586659.0593475761,774763.4277087456
7846,394628.65777890116,550092.1500325043,782570.0798999411
7847,328799.58261023514,526923.654479992,744175.808373616
7848,298373.611253326,515106.98231639236,700677.1008752006
7849,279700.9295197134,478299.5901884548,681484.2158086814
7850,274455.29982546525,495788.17022050824,681060.7579271153
7851,273781.8542106751,506920.6327389006,679576.1944519406
7852,282427.15696720174,536522.8885132034,707715.3777964796
7853,302064.1296297117,560660.7597345982,736967.816291066
7854,342017.06177941285,604384.1535432163,749100.5633633661
7855,366338.4213056062,627595.9234831444,765659.9941336247
7856,416006.3069182342,648612.4736763026,791020.6821618776
7857,439383.08884254174,637668.2349761275,841532.4142173342
7858,439788.16390546947,675262.2813212633,854797.8682485006
7859,465549.62972757034,674574.576574601,857400.2951174641
7860,446239.10107637563,656176.6690717577,853977.4678074854
7861,428940.4287192541,577004.6033850483,786084.414814711
7862,389316.3140242254,484536.35621942254,672605.1780014491
7863,363590.8389715438,400852.28779776907,550785.6299606111
7864,397133.6921272977,407709.40732005285,535642.3818342626
7865,447049.79456479347,388377.97343440185,522505.14162694215
7866,479158.54057461035,388085.4162245768,524341.0491096481
7867,480637.1355942722,377334.45138391,518948.26524147886
7868,429876.5292245608,414272.22293216735,516909.4595304856
7869,409643.8149418977,410049.7509378818,557359.4857885125
7870,355795.70112251485,381752.5061157604,547731.6927115401
7871,294362.82413661276,378683.2709255963,540910.785794777
7872,262428.14125428995,356632.9525227469,502908.37746428774
7873,249134.61250382868,354283.78180009767,512801.6983301701
7874,242237.83487760022,378809.3084589467,516175.4316988477
7875,248483.0219796386,403912.3398367422,539269.3561379701
7876,255656.13422933323,426024.6817791359,554195.9393626386
7877,271077.39261803665,462418.6688458415,592244.118660993
7878,316500.0181394439,486427.7344645673,603115.5550060607
7879,363048.6444259256,539351.4835604558,640772.6573009342
7880,402234.2862522034,562047.9165695126,693523.138606178
7881,419259.12048891047,567495.3260785101,731650.3493270912
7882,419914.9750093873,569831.777220674,771511.5282855947
7883,439795.46029211243,578602.0120651746,775256.6066804004
7884,457698.92476691393,568143.1973085611,773950.1541224787
7885,415945.14647524926,524204.7551832252,716906.2511503338
7886,399614.00816223765,488038.56826549675,676099.1831209828
7887,410007.4267125862,419138.0852513539,588435.9578805042
7888,440827.4750631051,446861.39788800845,585033.2777454049
7889,483310.50524285325,428699.8206065993,574378.8911522577
7890,500473.60013610707,417605.2764886064,566548.908020167
7891,475685.60414532066,416521.75919345574,559899.4706066365
7892,479051.3463464736,400388.30144626496,536585.1309514517
7893,394671.35313748353,392912.86601189274,538632.6137899044
7894,346922.2804474557,359171.9520523488,516311.5899122413
7895,286707.3712281619,338929.3539702258,494439.25906081544
7896,233573.66707427765,319718.24799440993,462504.59665159247
7897,223771.3659309334,315284.0290747972,453755.0877254768
7898,225679.48029985442,326497.14706781466,461171.76958167093
7899,224213.43753289004,352340.38759235875,470809.0456837132
7900,250195.28170155702,390049.73849388945,504023.4812187741
7901,272874.5005221873,440543.851039061,550759.7098579335
7902,343289.0115499704,462457.7638978558,568380.9780309949
7903,374147.82273002143,456564.11372055317,567719.2186783849
7904,355071.7259089326,443292.8886417391,603230.6965136717
7905,373560.0930774074,464215.2193032565,625307.697169777
7906,384277.758551799,450383.18990285206,643706.0137189549
7907,376256.0895745786,456042.87075633055,610518.3611015026
7908,361696.66525980306,463650.3966325493,613772.6179697234
7909,330475.355940194,430414.1717434848,549792.080606514
7910,326318.4256786255,404590.7928674055,480432.3386988263
7911,317835.15734543424,322408.90302039357,390927.0102721441
7912,354048.44774848793,353560.36456201226,396584.2438670213
7913,401813.4899816347,370933.44943062955,399931.7535331922
7914,443388.9657015744,348294.3850527259,415169.13958981034
7915,426866.94038559793,329908.70595379354,450060.1330390909
7916,402750.45949677064,350472.4443670311,473769.54042858235
7917,384648.48507870274,368852.9167823978,534356.3040258563
7918,334866.25908027194,372498.8695500479,534821.7771433908
7919,285263.5580477461,361998.64603918977,540597.9921896567
7920,265060.7879857907,357005.15030635765,512562.59986053396
7921,247195.34980549195,354957.76926905516,514550.14847102854
7922,244745.83092552243,380886.6489630967,539995.0915386452
7923,259843.6334682169,410363.9996256755,552660.2047285475
7924,279007.46791759063,446718.6142894801,593676.0084110983
7925,297133.72527133574,525324.3686425941,644225.3463215659
7926,369084.9542376623,549738.5202304542,663122.6127327861
7927,402437.5550396984,551736.5109388905,681605.8536993305
7928,405941.0683427133,550713.4610152243,742627.6502874068
7929,421239.0517431256,583544.4192690351,806037.6398817984
7930,427594.3024856686,621239.9869030557,835930.5080528762
7931,419641.9028141393,637033.489678276,807161.7982968717
7932,406616.8864363376,599551.3215524723,808184.873271882
7933,407655.46193680854,602895.8652790711,785743.5954309455
7934,400838.0288819368,615773.0869793679,755225.1588282912
7935,399824.1191524141,610528.1238585445,757033.0984945227
7936,443254.0868285965,656904.772719838,795676.3879039795
7937,504531.4894008201,671508.3971423815,820957.2109615675
7938,559479.701478596,675055.6547952715,863630.1580436591
7939,573887.9818246927,701121.1664265651,934377.4930868609
7940,532761.9332745877,721486.3414145136,948639.9639669696
7941,497287.8897357494,750971.2231571709,993519.5334793028
7942,445330.4828763621,737583.6576236663,1003681.8334206673
7943,375901.99541134195,709063.4180384537,961233.8203036885
7944,340496.0780819362,697788.0942710794,924016.5298861174
7945,333352.0022894786,671050.9619885181,934108.9847735413
7946,325173.35044457286,698641.3706572745,941656.762476268
7947,333149.4688520218,723674.2679981313,948049.758388395
7948,345052.2619326842,746257.2534304039,983273.9817873671
7949,375908.7914230127,834866.3467044134,1036615.4424198144
7950,432112.8613101417,860258.2096252872,1033572.2753515091
7951,456823.5912283976,826054.3303187196,1023705.5591977291
7952,446403.64952582266,793812.6129189794,1042716.8966063858
7953,473732.74923965137,787346.3660518252,1072060.3265343285
7954,471508.07132467115,828502.6134768601,1061424.460028431
7955,463060.8148225371,813040.2254951854,1023124.5495962962
7956,471870.54196315893,778375.0378740843,1021416.8677654209
7957,427572.86628446693,769132.061717431,970284.1071060788
7958,420021.64978237654,705058.6173237375,869785.1979883458
7959,404778.5739586848,577659.1296357621,713720.0308768955
7960,435072.4974078673,596919.9928103292,690211.1927841435
7961,496691.6207418279,583186.0832969962,693351.423312971
7962,522171.89436036075,576341.3311692614,721330.6562873286
7963,542144.001860367,593246.2939329792,762938.9057523767
7964,490227.1526738216,584718.3905443404,750603.5650782315
7965,433478.56744563335,604926.9411352444,803031.5194461878
7966,397299.6864298647,578875.8273013958,801279.0425159875
7967,341827.43895938597,563879.161531409,793827.5151407148
7968,308995.1055748402,552678.8026022031,757224.9733002766
7969,292556.634745172,535561.6173276135,750791.5197236374
7970,287799.06119479134,552294.1976503539,753281.33640951
7971,294230.5102195509,573625.435228244,761643.0638298588
7972,309681.0375997794,612715.4705220493,795667.0903339958
7973,362133.68794079125,678071.7694375791,856438.2952717199
7974,415832.41351810313,740388.8152647791,884541.9671424383
7975,444746.36860353407,718414.2186995731,901506.8651496501
7976,437467.797022027,732727.2051855035,990773.4832876986
7977,427804.727001639,774756.4064182813,1053929.8787600705
7978,436286.8714398065,796429.5129458854,1070647.4374240765
7979,457389.24888028123,751176.6833454756,975874.9856427929
7980,464833.7630747833,657290.4132969297,888388.6201061049
7981,389349.35857260315,535808.1645693574,711104.9960699971
7982,337276.18273309275,428748.53961201734,550952.9347415958
7983,327883.9608308244,383621.52463967045,473269.2415769893
7984,369711.39067118947,401160.3274166362,466381.94507522875
7985,429452.9780926378,437941.43752149487,483560.4358709356
7986,478300.27952958044,383575.6826088229,517606.90872044157
7987,446519.6186356488,399613.7587076303,543492.262289609
7988,448653.36488987016,449888.9483881651,558443.9765269264
7989,407117.20286741905,457173.07268023246,612123.5040467179
7990,377241.32006767485,441542.2560667165,627439.0383768025
7991,297925.75595677877,413605.33381374733,607627.7277897531
7992,271313.2148104981,396693.4950854821,572653.7460645733
7993,251600.03612007253,369309.4765314844,553207.5490001651
7994,245542.69152406615,391054.754613322,558760.5383159008
7995,258223.7069464844,416942.01276617154,556952.543352946
7996,271630.76496946224,427929.79803537874,577680.3168612049
7997,318080.15871125576,481511.87641809834,627004.4066035695
7998,350584.3200440966,531938.4591636318,640123.1763053589
7999,377320.33313697943,534408.7302517439,674912.736550433
8000,392407.34011050593,525799.3754049966,684923.8109505293
8001,404506.9096514856,520959.9001150358,707645.0992998229
8002,395923.1925907753,519109.631330464,717159.9146023837
8003,398117.74252062704,530856.6797155702,672547.7874031765
8004,395432.4682214733,478807.95993445825,642984.6955502721
8005,355065.70908277016,417916.75105753145,572430.2255928365
8006,324517.014936891,382728.3016257007,493137.9899186581
8007,329880.1982868044,346327.6331845921,436281.1743366132
8008,397828.9779438944,382457.46000258427,472529.2260538571
8009,452085.78142437764,413931.5623760292,511159.73020994687
8010,479732.3418499885,455655.1218052556,566346.915879391
8011,495418.6388207693,468228.9866038488,635324.5424673586
8012,471028.0544653455,483982.6177682929,651363.9163056441
8013,421687.2697523993,484047.86638866673,705240.9550552986
8014,376201.69955300976,483037.37233120686,726510.92150792
8015,329616.14853180386,491028.56633322843,679482.4705399389
8016,301109.67610408476,479839.53404585755,668493.5455455343
8017,286040.60791522637,502748.1154690437,722112.2018046974
8018,288228.9701065737,555435.6609747882,758453.4391138271
8019,288720.0571809776,589671.8038889206,790522.4709337029
8020,310510.43234808417,635389.1971475002,840883.514841455
8021,325432.68740708055,685583.3769452714,905150.645300682
8022,350668.5088005453,770568.3075527658,980492.5295636995
8023,412796.2845584883,838060.0470096698,1034516.3753616312
8024,477224.56052698527,920838.3380725457,1130705.8487442217
8025,516168.28665234713,923453.2517815817,1197846.1693099008
8026,526567.3813575982,905698.3527083872,1204040.3541562194
8027,521614.493279704,915860.903790428,1203219.35770962
8028,514495.05601344735,872533.0450091423,1162150.6497627415
8029,468441.205558081,757305.8934350901,1043369.165543536
8030,458222.04863773705,651983.8043738862,878558.0454474478
8031,459508.9187044859,584980.9873419277,802401.6374250589
8032,505123.5617384393,597286.6213450247,809601.6363422265
8033,551146.5230153325,591891.5465958469,780359.8385815407
8034,566895.8267932159,560774.5798156222,749227.0400301996
8035,553111.7221195019,504831.42642400117,713767.2837038503
8036,513962.6641001832,522449.99115281255,705590.209435794
8037,490879.40957706334,553680.8254396771,747333.4948966537
8038,444382.55315768346,553778.122594817,767529.8729995483
8039,347318.40625644545,533265.0005835211,752981.5243780744
8040,300381.6604342407,533602.4464078645,731336.8716886308
8041,288342.43565241067,495726.0997028647,717048.6319997238
8042,279462.39521541516,513223.614194462,716223.8498205803
8043,278645.0802914851,527889.7188287361,724069.5721221329
8044,292696.9686005648,554168.2343324948,764626.3497748324
8045,307113.3954584991,599321.2099484139,810349.95807437
8046,355569.39562688844,636722.4539886363,844067.9878553277
8047,398295.24736071564,692930.4371755309,887326.4408353692
8048,457058.9773867112,710037.3824883566,922779.042105253
8049,499178.2113583508,722934.9204564096,966078.0707741475
8050,517759.3620109488,713968.7969411784,994949.7925377296
8051,491584.70754905825,705736.7024813776,964681.7786047021
8052,471562.21780002606,635943.24832282,897922.3924446407
8053,470901.1553882615,531593.0370186948,773708.5990571067
8054,415527.6505093624,442641.7990198414,656263.1798047608
8055,381207.07349325204,360225.84326008474,506257.75852170633
8056,410003.65629003267,392682.5858237737,506383.87654171395
8057,464030.2089559752,363940.130159231,489102.3838109326
8058,505553.6223011149,347928.61172361474,487051.9479989392
8059,483786.56737768394,349892.4686937587,483877.44946244697
8060,460393.89193518576,358923.4945124536,480094.32435341954
8061,415726.01680545416,376295.0087957006,515659.12918037677
8062,363130.466870097,372077.5603585343,489364.1570014248
8063,284524.78879469767,353662.1744617196,481474.71874300024
8064,247606.65958049044,345847.46067817986,477412.4387274733
8065,231073.53740041575,326179.707528292,473440.9700119206
8066,226041.08331676427,354586.64281621075,480990.7077800319
8067,230250.5319288985,367706.4728794437,481173.36850876216
8068,241762.59047345017,379043.95743754844,496612.8446063043
8069,260629.07064268604,406820.94341438403,515664.198887568
8070,320662.7570841892,464350.2551399931,499397.51381897327
8071,361591.39881257,467840.3319575434,484466.78856952355
8072,350502.9742511594,392714.3716787016,460815.12086551316
8073,346288.3468354132,387562.53304646723,475871.1640119201
8074,348673.0882575519,371503.63884931774,470070.45135414874
8075,336739.27999520727,348332.5883997134,412959.7706754537
8076,331783.9940865197,339342.9554689269,383216.026709011
8077,299011.6577987791,238760.06087817036,299860.90016826947
8078,294570.61024725524,214111.11059918604,220995.23104851483
8079,289593.8430972571,183796.9558348966,195638.75551595681
8080,352082.625106745,218330.46920370197,206600.21529047706
8081,415333.24513914745,240581.6735394597,230474.7385131898
8082,458510.8456417103,241336.6420505183,245480.05895659156
8083,443996.17016857746,258777.0061376125,308883.16737654415
8084,426666.55579986144,250252.28113029714,301537.42596577073
8085,388545.4942439157,278979.4889677531,331526.66796627356
8086,340903.35604737606,293469.3314900791,371812.14488480415
8087,274748.22460116906,293187.6655853163,369600.8578422345
8088,233520.64706030715,293692.61999970814,368738.2694706065
8089,222146.88408923193,278510.1072312794,378598.9052009986
8090,209406.45999080455,295959.8378407273,391979.76341785595
8091,216690.39205504672,315933.5949779023,404469.142476157
8092,241450.20072226314,337677.473854668,439107.37441924005
8093,266045.05568214663,399289.3425266109,494515.1566052216
8094,327109.64161452785,459929.5255597553,545319.1961545645
8095,400567.7649603171,483412.53336665983,573808.687546132
8096,414200.32687705115,485711.45910811133,620590.9219315638
8097,424892.8076509642,506678.57791264757,675623.5816089803
8098,417310.6979417559,538242.8441942579,723432.8634118948
8099,418435.3836576,543722.6825038423,689668.457636646
8100,418887.98671977356,467189.0151589689,624431.986848281
8101,356463.515298055,380619.1752666229,474489.0447056924
8102,333520.6119770383,313633.9796020186,372157.14520798833
8103,337784.7936499327,271316.85264574667,305843.7345061806
8104,363676.3550748736,276880.66745884955,316750.77814254403
8105,416617.76517901855,309884.70647984196,327320.60091555526
8106,446954.0844268765,306297.19437161967,369090.6295950826
8107,435104.126310506,338093.99087195436,435781.9330564588
8108,450538.02373731957,335245.8873664841,469059.7482487388
8109,430563.0164421902,366274.3108970994,517643.2004458853
8110,363698.7904381107,373081.67710324674,538449.841563579
8111,308008.553295837,380071.73131528613,542962.7499181285
8112,261103.33447382442,369284.2589713022,515314.3406658468
8113,251669.43209986156,351343.02889817744,521133.95881054515
8114,248665.13066691186,387837.88199429377,531112.0633094376
8115,255735.93687961323,397319.1332809765,553020.8424820242
8116,272141.27231473447,437354.01079400134,588667.391541497
8117,306139.4955257287,490459.10176110786,649598.6803300987
8118,372109.42732245405,523610.64868449734,676710.5526956521
8119,424561.59276207606,554573.8509816357,716265.9372843005
8120,423114.6166810648,571766.9447734443,772470.4356380095
8121,435774.9551428298,589261.6138620054,829162.3875485429
8122,441277.1678623318,615778.9942984787,854062.8723022303
8123,434751.2432835999,608330.5878585515,831860.6040864184
8124,448396.515285948,644373.9775180069,848956.7524592781
8125,441862.9692897733,652206.0139963243,837340.8303075131
8126,403449.33935909375,648535.0552612197,815465.3704027034
8127,426127.09771878493,678229.7477682,850728.3087366105
8128,474672.5384282262,704262.0928062135,859691.681691008
8129,557729.8797343633,723978.4991599355,890019.9474040366
8130,613089.266400633,737293.5280030194,936099.6143947307
8131,575244.3091610387,731434.7719232817,995869.4989023844
8132,564927.099338098,852433.834426298,1102662.1069175336
8133,528219.7980136598,926214.2033507483,1210882.7479035186
8134,476452.8734728167,912780.8972711135,1244368.1616704501
8135,397534.5087997612,883016.0108249349,1178157.1613405154
8136,363056.1884477488,864041.3869961707,1131513.2737173701
8137,351601.4990981162,844088.2717789195,1138360.786904808
8138,353596.8334391838,869340.0001808808,1144977.0469865166
8139,340101.7770352763,872856.1199855777,1133398.2099530008
8140,353552.9616107943,876896.5386417295,1143492.0724620856
8141,383577.06177382625,951878.6766911034,1213824.0763056185
8142,470206.76139872934,1009361.8516083308,1248271.842137994
8143,493869.702839089,1036306.3809663663,1277910.6346454974
8144,498643.79380219406,997066.3919752887,1331416.0914104616
8145,531139.8512537051,1026412.8047237663,1372490.11722144
8146,523857.14595943195,1075623.0799129324,1377628.152391199
8147,528135.0723216222,1051875.8667143297,1350826.0695170038
8148,506360.1917395055,1021935.6309107997,1318215.4785907362
8149,443950.0926823383,891678.3091774218,1165368.5001652106
8150,421448.98641695903,803445.4054727856,993879.0939366191
8151,436917.77332384256,731687.9538313566,899752.2759976258
8152,462588.15826432087,777913.9619464313,917689.4675377414
8153,552442.4385811494,762529.0137829173,916595.1604133734
8154,598102.5724784982,732001.0158971448,947686.0595074993
8155,556227.2864932525,705003.3119524751,985388.1890444832
8156,537700.4948348864,764167.33568238,1004034.4737796469
8157,516050.08809914003,780786.8253442358,1061161.789442381
8158,463301.0986223046,760861.3605369095,1090960.896257966
8159,383033.17665342125,771160.0982805759,1054449.7397699724
8160,341567.8613998069,733836.2877630348,1022787.8613368875
8161,325098.39348166826,712462.0527151185,1018576.8669570474
8162,313459.5970471129,734987.3411570181,1036556.1629063038
8163,317019.3219425782,763155.9078489887,1042101.046296684
8164,332782.69273117534,779373.2244964455,1078356.1096057948
8165,360369.9726227127,841820.6336164762,1123364.9337038095
8166,423536.63729936135,889217.4421968587,1133121.0355323153
8167,488009.74533353135,902800.3542775636,1177727.407001174
8168,535489.1729608783,906086.1181435599,1256525.125901545
8169,529713.4603602098,936475.4646864487,1306708.1967314205
8170,520203.34553398733,948277.7733258803,1288020.4143853853
8171,515025.62488348514,929526.8030830767,1234191.995318521
8172,496560.44419385947,907627.031849219,1191807.6331981232
8173,448880.0650830681,837942.9411389768,1052816.4132937875
8174,422776.30365466845,727610.1497643903,918238.9798996187
8175,411472.90149680816,642942.8837496752,807387.239248465
8176,479221.3729779984,681788.8248262586,844786.651782364
8177,550182.6203812333,706008.6023981301,871293.4983791686
8178,582206.3157994332,670976.0642017381,873056.0369516768
8179,568328.5292715591,699583.5686240722,969509.9313528296
8180,573642.9416568321,729280.54876484,980710.5696895758
8181,512133.4182638993,758246.6008008831,1041197.4840211332
8182,449348.71931946714,753087.9841628376,1062119.177811589
8183,372266.6713725451,740803.2375305159,1032637.4206299094
8184,336380.01896734297,731425.0431490534,990900.555337823
8185,319465.3778429797,714722.6196458006,1009317.456020001
8186,320726.8705789837,763474.6022734605,1047856.6341377229
8187,326845.47669271054,805678.5322661654,1084338.2644074296
8188,339948.856147546,870986.2409956296,1140056.7557051214
8189,353357.53239177953,918713.9269150187,1182287.670547502
8190,397487.36370690924,960070.2451969805,1219638.559334286
8191,460578.3877445112,1038041.0158759058,1276699.8719632044
8192,515625.14539015177,1052493.8825575577,1338225.44906908
8193,543236.080122232,1070766.6355952735,1415871.980011836
8194,553398.6440300621,1067953.4526791887,1431251.0575930064
8195,592788.3798457519,1098212.8209315334,1406752.263096718
8196,540843.8251800309,1001393.6099652676,1332624.9797463226
8197,472898.1434635337,866504.4540570303,1165766.5110384317
8198,434614.0153021391,712687.5422393908,995090.2113177374
8199,460581.7443378338,599335.9227354537,820396.6952895303
8200,532327.7850422256,610783.2079370553,818035.8820321935
8201,565352.3491776254,581794.2525363807,779358.5328541581
8202,594210.9501933095,604190.382321435,794542.2833454667
8203,563927.7780824472,589645.1511272504,818175.1293219359
8204,528186.3309358064,641841.3431696685,873213.7684094699
8205,509333.1725051325,667025.7165654765,927166.2463147584
8206,444261.9998277646,660487.5725223449,949027.0012741016
8207,367300.556742455,663777.2857100571,921814.8644482612
8208,316172.89012032363,653294.9016471971,905148.2996155705
8209,304940.07417929283,618198.7731376814,896048.5935287409
8210,293434.0490306155,656597.0345626653,923625.8459837635
8211,299210.4159979638,683259.9267981838,935561.6039950097
8212,316493.5224984627,739839.3839098224,1005521.274823527
8213,341777.16824235226,855260.8501404009,1104387.5826400763
8214,391968.76176022424,927617.7931049695,1164244.59494154
8215,445460.65279194363,1013765.0629797239,1229314.8370553167
8216,504696.95264979475,1065957.813235119,1320092.532486521
8217,578738.3843717603,1104699.776137183,1403074.854580828
8218,602249.8941239628,1093475.694800796,1402354.7989110972
8219,596215.3823222617,1118905.8656926614,1425848.052774406
8220,586670.5188755576,1145452.6845203103,1462922.788172452
8221,532626.7199440649,1007027.8694508024,1331860.2280294432
8222,510053.57426971244,864220.9967818941,1146146.132603327
8223,518191.6032176193,820383.6657333559,1088345.428390641
8224,545729.7177328325,710920.5403219261,952092.1166480443
8225,547051.7310480499,604242.236335006,804759.0514929241
8226,574753.507025149,537836.0424339613,734335.3668715974
8227,579461.4779596825,512509.5179595002,713882.0424192479
8228,521667.77570387063,507538.02552642877,717053.8435258042
8229,450610.3806393647,491636.40130221064,703646.6126404112
8230,428466.4092882505,506099.3109709038,709937.2057454896
8231,340631.7721397981,492211.7873621316,700247.5082864818
8232,298222.02031683916,487967.1305399203,679764.5049479906
8233,275758.87709515274,463793.6554982154,660522.1555852008
8234,275188.74821648153,498452.2714636784,693205.607928121
8235,280777.58357306966,520799.7343385487,717429.2202963094
8236,300694.2438543045,583867.2789804238,779921.6178827425
8237,350221.48302405106,697141.7137172305,872143.4299988925
8238,418614.1406090841,751942.448336309,938799.2773295755
8239,471768.19273396075,779454.609444731,978185.1230650431
8240,490179.6775735655,781372.8234486025,1026001.3044214505
8241,497513.633327086,837017.2364245283,1103812.3890359898
8242,517832.56310019013,906223.4616592925,1185239.5473697197
8243,492913.6844308968,973700.2095455877,1217532.6247162726
8244,483345.4521880621,945216.9222928784,1199988.6303478968
8245,458039.4621897495,884177.9695779012,1100047.5396083156
8246,421123.5116315622,792925.9483956762,980339.1007399777
8247,420981.0394248845,754359.4003049053,942050.3910354517
8248,488259.5225887121,788033.5697535468,926976.8661057361
8249,559323.6749129796,781055.4292509169,973240.3006182987
8250,620677.1715244203,811447.1641193057,1033172.5712570485
8251,593932.9141688915,853540.4663656105,1155029.162660618
8252,565677.4984214584,891495.5992345116,1162549.6682866886
8253,539812.2937762132,950088.0971181976,1270215.010081301
8254,522684.82647124043,995460.8574183014,1328422.5055042326
8255,452901.76213897363,1036159.5317130925,1349476.9788354798
8256,405648.9032455812,1077800.246087985,1387123.082379523
8257,402642.4769822423,1078522.1591030443,1444173.5644164933
8258,406728.3770496701,1139054.098821524,1490984.1447223693
8259,422889.4754069661,1214537.2987626847,1554806.0268873712
8260,444535.5825342041,1281705.8677963053,1640422.738255856
8261,481360.71710801515,1377801.515593996,1734283.5259955332
8262,566035.2043741826,1464114.1235407703,1810685.1214923686
8263,616653.4829842059,1515186.5214927278,1888421.0507754255
8264,623397.6571612422,1562260.2054441175,1981550.4016091786
8265,652871.721264138,1603828.24052775,2054445.002865428
8266,660686.2131935341,1603909.2037826797,2049382.3968927471
8267,651581.8917814324,1606807.0220206946,1995572.9819546288
8268,635101.138446072,1582365.7826181347,1996783.6371721162
8269,598505.7433718513,1524420.1216180655,1903888.403388538
8270,563888.3425825455,1412484.7980615625,1756285.4538350431
8271,577659.5590169602,1361948.0091670947,1669968.536070964
8272,612725.2257228607,1424791.3837770696,1700379.4692161372
8273,700363.9603821811,1407594.2805769485,1711735.510867414
8274,747155.0480808308,1365741.2106180307,1731665.4184558433
8275,699834.5911021341,1316510.649937498,1719894.7117392933
8276,651819.8440649108,1283023.090943685,1694932.0887206313
8277,618241.6299762336,1354263.743276402,1776290.028182588
8278,586825.356252138,1364172.8093489301,1804073.3870100074
8279,522141.786689763,1350299.1619148594,1775010.8071487967
8280,473633.4562900799,1321836.030426194,1707266.1055744102
8281,450271.128698133,1290596.9631079377,1692992.2238136542
8282,445076.207630135,1297313.9456936978,1695128.6849542898
8283,438708.9157897024,1314584.6044271616,1681874.3971097025
8284,459412.8913069715,1308121.119046324,1705881.7935579335
8285,482309.7946540452,1345549.8315149546,1721076.0114287874
8286,543222.6675057715,1409358.4784360235,1767611.8321869033
8287,597269.9466510307,1439711.246260251,1778340.4893523809
8288,598622.9555029195,1393424.740231836,1806855.799728809
8289,601140.8099050589,1398959.1022534647,1839853.6582780282
8290,608911.2730078433,1404551.9561257884,1816808.580267681
8291,606102.6034348136,1376859.6903773018,1755600.0159988867
8292,590562.3553620535,1401433.7890748784,1767162.686021832
8293,549150.6137907647,1293216.1689861752,1606271.699190708
8294,506541.625066349,1140323.7976692286,1434863.4864739403
8295,487356.8690352012,1013526.96235783,1279778.5029657995
8296,541991.1124851587,1025888.5702478563,1245492.063494814
8297,596194.756275642,989957.389170917,1236568.7100071183
8298,637057.8759965402,950454.8486849851,1220315.2793541152
8299,617280.2287697033,934632.6258222165,1242500.5146440372
8300,559780.9887811926,942713.6390179193,1249073.8232980794
8301,524915.9490078817,963618.2627966494,1298209.6762379324
8302,487372.651631492,918510.9343088154,1292053.9958530667
8303,413760.1017403944,882856.5424990468,1229239.919603034
8304,376035.6847077577,864144.0310534792,1194650.4867179822
8305,357647.5842123648,841403.3786622703,1191498.185658686
8306,348489.26922266826,870403.8472999963,1214422.2596085637
8307,353507.8868391913,897539.85267986,1222140.8522802684
8308,368908.6341196636,922869.4026528562,1250679.9647257358
8309,399230.969608786,976232.9861740132,1284339.8709093211
8310,469312.71765827015,1022737.9208839163,1309982.6644771344
8311,527568.0837971678,1063790.138799463,1327350.0512625405
8312,537636.674401599,1021894.6325961262,1384377.926490012
8313,536259.8790421155,992750.2215573229,1414965.9551186042
8314,539416.6126067049,1025141.6167676188,1387413.185843451
8315,504406.5075792589,974358.7020963692,1308929.1714825786
8316,504889.2778979262,904461.4662938415,1250815.5889852191
8317,466227.4301949694,743507.9917267843,1029083.1717979515
8318,414503.6481380648,667925.1376794341,883593.4023742452
8319,448936.66814285296,651940.707378018,851172.5713692104
8320,481366.1893006317,678129.7872679506,864135.1206460171
8321,559642.9065361988,674776.1071143565,871727.7914417322
8322,567666.682712451,658428.7338728731,899953.0308042191
8323,563707.9549225235,673191.9708262092,930513.2892186793
8324,511872.40388889494,623934.4812501706,865574.7129011062
8325,460605.3928899462,576464.4222027363,820640.442939628
8326,432070.18231773237,549484.9122290637,797621.2786626021
8327,350319.2971891303,507028.1467940721,733049.7177817498
8328,298264.21557033446,487003.8075313933,712465.8032720459
8329,299126.29077872395,512410.3134089305,765461.3055876811
8330,301472.3044429571,582258.484577002,820671.8107444869
8331,299910.4986112405,618356.2402639565,833372.8183319255
8332,315022.18544121174,630718.1838566739,866139.0417874426
8333,338415.59393759246,696685.4360085779,901665.3229208803
8334,417375.6234022969,747776.9749467999,930597.5805290166
8335,467851.4041447784,751504.9704597091,942364.2300986686
8336,462506.6251102308,794091.5094771599,1041182.7915073805
8337,472081.321640117,800970.5813446956,1118508.0861258507
8338,492301.78458859026,873244.0554224168,1134752.7398298208
8339,475047.0226325085,835940.3622744908,1069081.7558860162
8340,464755.921843465,800468.0863890703,1063075.0955309866
8341,427025.80529681547,684368.0533113616,880895.6319195795
8342,406152.1134623079,594087.3554172028,742162.8207503634
8343,394327.7592707769,511191.0351625614,630008.4080209796
8344,446539.3806671181,536085.9377687451,624172.5853161325
8345,500533.9610630622,503247.6293206798,639666.3107440271
8346,528472.6241009852,524499.5062489294,668417.0559013472
8347,523869.9719209714,529504.8447656609,738430.9162939788
8348,504252.81705990573,591613.4415807127,787662.8209722346
8349,478613.6921722665,606284.1306343657,853165.9619159041
8350,466227.1715703235,609306.1393267179,860067.5914828287
8351,382562.84359654057,581539.5474659161,800247.0952559045
8352,323328.4165706758,547818.5978648065,747095.899511939
8353,292917.66110742575,497282.8194667286,729863.1414502495
8354,286906.62417010806,524677.5453138949,736994.5894767669
8355,284464.092403609,533235.8593178329,734735.1820985584
8356,296052.5874624447,552992.5733968834,748131.2751291464
8357,305930.866234817,575213.9172944031,769194.8569134945
8358,333571.4574671675,598883.308346338,786279.7954401713
8359,387013.03286579886,664173.5874056475,809749.1727334318
8360,437107.2512634311,673944.9207115419,866131.7630001907
8361,488068.0014539406,672622.7069733203,925439.9501547255
8362,481723.9028287067,688269.2575705323,950264.7691059968
8363,479597.4012427251,707556.6927029636,955562.2719850074
8364,512196.1458475367,733771.9975981797,973758.460255097
8365,475054.1357255981,666405.4603782295,902665.2065598982
8366,463169.5305173775,629872.4061744622,872166.535335506
8367,456286.5971100238,607969.1863441962,802919.4232760898
8368,497265.73924322455,642160.8496904095,776389.2703877187
8369,578290.087705375,555563.4523725837,719741.987293146
8370,582014.6253376068,510810.46805363765,678809.9458072663
8371,560426.6840957347,512887.6246764329,690554.2867928854
8372,536011.7463121989,514010.2014928392,688034.5149633056
8373,517771.0998804352,516294.2974517823,723847.482703696
8374,440608.904772704,513328.83283778024,718920.6193254704
8375,354096.9565219265,506828.6589238287,717465.3939926892
8376,308588.0876793887,516722.3135093233,691334.4042461693
8377,292994.7619205816,515499.5828571196,728936.7303063218
8378,291166.7410436944,569983.5893231087,773172.077339876
8379,295574.42669638287,623319.992865335,826084.2426876805
8380,309732.13959198486,751960.737871487,979581.9037187231
8381,348049.858788875,898995.5746694921,1144850.0344834381
8382,408196.5601090623,1007340.6220692545,1242619.2083473206
8383,472850.1103257344,1114395.197865872,1331953.0281549469
8384,542453.9201787161,1152105.8405347124,1435237.8446272716
8385,585950.3438554284,1212321.5117205984,1542276.132144115
8386,612168.3035629815,1257962.5338108155,1620173.6220651162
8387,611484.3410736687,1303337.2698923673,1652690.0464512522
8388,610156.1358302133,1290689.3015995119,1680559.8940775674
8389,578125.2585242145,1163236.9882552589,1519079.7351434447
8390,534473.3465845976,1036574.0458055362,1377861.386682661
8391,504706.55820229714,935132.8768217976,1254308.3701631716
8392,559259.9340785766,951796.8501979136,1247261.2778064706
8393,634029.9036110773,967800.9655869709,1237112.1828923812
8394,649342.5662504657,957097.9845902501,1263440.0558488704
8395,637450.1839674766,951360.1472354323,1273244.8988620772
8396,591562.3887807548,969288.5888551796,1300549.4492660437
8397,575983.8111718736,1013777.3461334448,1373941.1749216863
8398,567695.7131338223,1047104.3092294756,1400961.3299308615
8399,449154.9563949274,1057843.8722133925,1405244.5819342027
8400,413998.5327484329,1072960.2526735943,1409873.6182934183
8401,397938.69880779815,1057283.8895365065,1428710.9222764887
8402,405691.3783924369,1116379.7336099963,1477255.1130336332
8403,409507.69970168424,1171517.132104682,1515820.4462819987
8404,429387.9362226674,1206465.7526698778,1575512.4633277275
8405,462151.98485150037,1302881.2669490536,1654152.5593515767
8406,537978.7043961411,1399893.8227389287,1729569.7246727273
8407,608855.2608799734,1443478.4734742458,1803372.9105133018
8408,640459.6547177573,1506415.1137186326,1911451.5909263848
8409,638254.4781934032,1527305.1222202545,1960497.648539922
8410,640134.2227802759,1563549.0533606284,1998773.3240452602
8411,632868.8106750048,1576306.4517231772,1988142.1572674746
8412,633433.2886732788,1577730.8678430445,2017850.5538357215
8413,618758.5925484585,1502328.0818475627,1869866.8685380076
8414,576311.0745974748,1382777.0327283777,1722354.4273924571
8415,559310.0766602053,1302341.1476308699,1641983.5143916318
8416,619214.1793353014,1380534.1009680643,1653926.8081887062
8417,688694.3427877679,1396656.2301227746,1647733.2391398442
8418,723549.8762210767,1343996.9069871407,1687537.4939568464
8419,734844.1585140569,1337942.39181298,1737982.7744070953
8420,692576.6989390107,1374594.8102360102,1794374.809295124
8421,657656.8623448296,1422619.1955195654,1882187.8534814732
8422,623688.0409760185,1409926.5970870338,1912468.4214028968
8423,551735.2283427367,1406821.5724685506,1886017.3249251125
8424,513417.3363531041,1412326.7488989972,1870020.2581445433
8425,490350.80571031285,1428490.4707993763,1902094.1517188987
8426,492560.51253325294,1469315.8164683746,1950019.7253002888
8427,497537.6989515259,1512153.4014856173,1986507.582665494
8428,526775.5691078654,1553515.2633870482,2047875.7322464923
8429,562969.0353315874,1651116.840307879,2120209.1916651516
8430,629308.4101853011,1699635.5873023884,2147287.990325332
8431,695500.4764325023,1729179.7268994716,2201937.0135884574
8432,700343.9790557626,1702229.4853932334,2246293.1351357475
8433,705564.7453296747,1711031.3228458015,2277487.967985308
8434,699107.4740477769,1744915.6521477634,2274068.330067265
8435,695669.2611866163,1689912.7132333268,2202902.034149261
8436,698864.1104495553,1652932.926456361,2134045.706128211
8437,613395.4066400491,1443333.6734012302,1863450.6995839477
8438,532184.0850848298,1250992.4441225536,1606560.334073374
8439,507873.9962393921,1112000.850548168,1440174.8903321745
8440,552596.9948251384,1124530.147940055,1391887.556372843
8441,621423.8277661848,1079908.1360479675,1362765.8554416678
8442,656953.3333493569,1047567.562901948,1374956.1819804297
8443,634271.9611854204,1032442.4604795654,1398463.3833749355
8444,621602.2875974159,1083255.7546202505,1461138.0362330433
8445,594937.5192699471,1118958.987818981,1528524.7159569124
8446,563103.379666611,1107114.6876055342,1544204.0246476373
8447,476727.29979590856,1100478.1564669646,1509032.355873741
8448,428211.1267460711,1076489.114206499,1469956.0988719177
8449,405971.6153915473,1063723.430443301,1493130.7634671137
8450,400826.8666423472,1099704.6710013594,1500283.6020544658
8451,404297.65979365347,1135227.1355910914,1544200.6238148303
8452,422968.46409034694,1168940.8519011985,1568349.4012791447
8453,451439.6841267438,1240500.7458668877,1610297.382014326
8454,528997.7345191307,1303270.5631147732,1640384.7737671158
8455,590616.7948689441,1332655.6035182104,1685353.5861026812
8456,617544.8096339735,1358791.4302499215,1794249.7503767519
8457,625506.9518321013,1400618.8350815438,1840234.9503114393
8458,606446.7358498707,1405553.8555596382,1869407.426033846
8459,611621.9416048388,1410740.6796340842,1828777.0139361748
8460,612620.10959002,1425040.5502503668,1823469.2595662395
8461,598418.8055946279,1399391.0693590923,1779495.6567175514
8462,568767.2412813161,1375032.4553969481,1692636.7324360032
8463,557324.3906585024,1313572.7597309216,1633662.880392822
8464,610680.7654951554,1346757.7300536495,1640539.0939033334
8465,699054.9516538228,1339618.1315227195,1652208.2085038451
8466,716717.5715138434,1351645.311553326,1719548.8820067192
8467,724190.867836032,1364640.4265264932,1771836.6474940456
8468,697086.0320455974,1398898.7772643645,1777923.247034352
8469,642412.6822185414,1410922.5161300038,1840393.7920942523
8470,594658.9096220176,1370295.1668430301,1813680.228014253
8471,544985.2792833527,1344431.985557271,1745466.0490902036
8472,485533.301474601,1328253.694638194,1748607.46746544
8473,472696.4795605707,1345252.6573059706,1782098.47399217
8474,468280.3751158495,1415309.2066786767,1831139.9934732092
8475,478760.2756261587,1497387.3011563192,1906082.9010471872
8476,507752.1639696448,1537197.7672724142,1969655.144955822
8477,538635.2364932734,1652607.3701521656,2033452.8678326975
8478,620076.7724485167,1663704.178670558,2041801.861247861
8479,656919.9852092278,1656721.0986956179,2033218.2056767128
8480,644690.6949788076,1571086.953061948,2004673.0140623376
8481,663746.3051676336,1537014.1483641334,2010141.2829584978
8482,656365.0353273546,1580903.228638579,2048876.9857054518
8483,652695.7435222958,1590497.8058168606,2012466.5615368423
8484,643865.4117784346,1605630.5811036876,2013705.1381538508
8485,625019.1142409551,1564242.0894085835,1936336.1068073385
8486,596214.9696272635,1468798.7323867613,1834171.7970414513
8487,582570.7144797808,1404453.0619651405,1710865.670998885
8488,648921.7738610085,1394348.0944600024,1705727.2325310463
8489,703534.6372835205,1362135.6094856907,1677482.4698248908
8490,716906.9910648237,1330596.7678891777,1673678.1031720075
8491,698263.68413711,1309695.9692991595,1725310.6195910203
8492,646679.7318723454,1282237.9716717827,1671778.5115598838
8493,633590.7409241857,1303592.99005208,1740901.419076869
8494,568882.8118842522,1311574.3919562052,1760238.0144080499
8495,496913.4909419901,1289687.6956442501,1717116.2165461523
8496,470543.4677521537,1255232.4534990836,1673568.9761138565
8497,453635.4005866254,1242683.618700127,1679578.3654588773
8498,441077.55180015654,1284802.368356615,1703790.7212722718
8499,442393.968956574,1318944.959605566,1722268.384308095
8500,465178.7552324595,1369942.2322674978,1783328.6071684288
8501,510958.4254505481,1464334.8339141316,1845533.1839069428
8502,566326.5654612677,1497623.6018571134,1871780.6662100754
8503,631932.0397586323,1514577.3645661648,1903330.176777504
8504,629613.6062504222,1488859.1483053619,1953355.7921240467
8505,624498.4512309295,1501741.7656572817,1977498.9987554757
8506,616124.8198776509,1512171.924495914,1966623.6641145274
8507,620808.2264646082,1541384.487667903,1934594.9767498926
8508,627988.0404844618,1520632.636860765,1916017.1584690327
8509,580499.6533059964,1393562.9303822368,1763096.5538704537
8510,557865.6329635741,1284478.0797160456,1609238.8618610604
8511,527980.2752530191,1214871.4333129013,1509669.2586713962
8512,612599.6063399332,1287928.7973236705,1507877.7086390394
8513,661071.285606571,1222650.364894956,1471117.0645361084
8514,666912.2996381727,1192699.2912044013,1494441.0801548962
8515,673941.1369586565,1196921.4879257267,1556308.872269494
8516,641697.5184113084,1226854.5782080363,1567802.035789125
8517,600698.8981325027,1235781.8377771194,1643098.8298974656
8518,556692.5809392611,1211520.1472960277,1651913.2260761273
8519,490125.6298490563,1235132.9317986802,1631959.667139948
8520,458064.1471776782,1238729.526697718,1611891.449613454
8521,443637.0434470989,1232662.0930201092,1654922.096233127
8522,438741.0677062308,1294298.0146640306,1697159.547311488
8523,441281.08483720943,1329721.1614519092,1710727.4370572744
8524,454366.11954704416,1359246.2438352532,1756254.0168127762
8525,467959.74459335953,1425983.7934845835,1798473.1593771197
8526,519008.34806843597,1463504.9910532746,1812199.5579519935
8527,585481.8102722447,1534381.5499370818,1893155.670968338
8528,631357.0877676072,1585356.3982792627,1970967.9844718024
8529,666553.1574997277,1606669.3533876021,2015170.2077186352
8530,668843.7471760391,1585886.330069048,2013089.7768494112
8531,673042.2382639026,1584344.485090586,2035616.7033598272
8532,681274.5935466185,1571362.4205893436,2025040.1389608714
8533,650512.5046209411,1436835.4908416022,1860315.6569833641
8534,579070.8811079272,1254183.3409551834,1688402.9054416232
8535,564271.513744309,1149643.3077697176,1530002.074257946
8536,608576.6729924162,1179325.259062616,1507122.033662403
8537,659492.017048012,1151793.5755084674,1495534.6737258725
8538,707919.9288281695,1129813.907131064,1477988.8768463675
8539,694038.996336848,1117689.4594337647,1476012.1949570708
8540,641433.1147496811,1114228.5087019864,1460813.4767070764
8541,601068.9334312698,1132992.714322818,1516929.377924304
8542,539229.9746298455,1124383.247937893,1547537.8340395016
8543,480256.0773876877,1177029.0691035732,1565031.883155496
8544,452186.4124065848,1235992.981238048,1592598.0900994907
8545,443381.45047911175,1246165.4128688516,1658749.0122307276
8546,442427.64966518094,1292934.756097251,1705461.027104849
8547,449533.6432013763,1349768.0967196454,1745920.5262579906
8548,463007.58577799884,1406539.2230929239,1826061.8838656507
8549,491333.83225765335,1498919.0011832179,1896460.900500713
8550,543344.8861068321,1565420.5374014128,1920163.2625494988
8551,594105.6299317763,1604464.6890129156,1966478.85501257
8552,631561.1220841149,1588353.1901341835,2046464.448419599
8553,674110.2351449956,1634224.8459689112,2104152.202663292
8554,694746.8361733139,1614829.1555158892,2114863.6889610984
8555,699814.4257846954,1667585.6746679016,2144219.307227164
8556,688632.7327159015,1624886.1364313068,2097300.124482411
8557,625475.9274713738,1482096.6588302834,1943183.2581498676
8558,577405.713946546,1341367.0912906248,1785682.0989381275
8559,595516.308723235,1254455.5081007213,1667458.6901256829
8560,666702.908921717,1288985.7499370931,1676549.6023955648
8561,728701.9906326792,1300372.8505191377,1675279.9615887317
8562,745299.3458082307,1316220.069533893,1674863.3480821003
8563,698626.7439302668,1264156.9683625347,1659160.2327618238
8564,688847.5347616685,1244251.1874652386,1628910.1351259397
8565,627023.2061433801,1264131.0866171585,1671562.8233033204
8566,581740.1133013978,1256829.8068999723,1666496.1500816785
8567,511306.0855760679,1266779.773826886,1681350.379796659
8568,463945.0041263819,1283706.1413364906,1679533.7446044812
8569,464380.7008816484,1290709.9827195338,1733505.9125262888
8570,467634.78891698486,1356659.9761282858,1776876.8685461085
8571,466384.3884375347,1402773.8214568594,1806184.6418971834
8572,490785.1248082807,1429326.057267397,1850266.7583600488
8573,514099.1421139331,1503589.2769872951,1893499.73824157
8574,577382.857985837,1513046.4587487676,1888326.952420224
8575,613599.5133261528,1508751.9459670493,1906697.5401534694
8576,627685.1904484201,1474422.2765998212,1924374.0941125238
8577,629874.8955656243,1490828.3951958637,1951786.1856383574
8578,633149.7305250556,1468265.5832896295,1898684.9680373596
8579,617288.2746231133,1408791.3717489028,1808326.0234678714
8580,595837.6859786381,1364752.0807541185,1731483.9860859255
8581,530458.2075565839,1188418.4565058588,1510039.6460087618
8582,469172.7810443623,1033783.8686799053,1294461.4338302477
8583,454758.2247243496,896426.4967385348,1111220.7975758316
8584,516891.5385395854,859107.3912968157,1062992.3336051072
8585,566122.9467935475,802070.8723181286,1009611.4349259548
8586,617185.9035513815,760926.2294854029,987600.5082662171
8587,592787.9611598209,730349.9423239592,1026639.1243600725
8588,550573.879857236,810576.1219941217,1096996.9989220991
8589,513159.5982579273,844151.9448314217,1160947.7348841229
8590,486568.13258707494,829934.2372829301,1190318.0017823523
8591,403304.63648472785,810603.0763695096,1143082.7134665393
8592,356825.5456668681,774018.2960217295,1094078.5841030176
8593,337469.54623179516,756916.4386259858,1101423.1632525432
8594,334495.9488380598,811324.8355260197,1130314.1538940435
8595,334788.2671802951,852342.0667090167,1163721.523490597
8596,352987.81150982686,881616.2029138174,1210539.6988996896
8597,387487.6179698717,970021.3588688725,1284634.5360687692
8598,478763.36386367364,1038414.3262008199,1329181.9231300324
8599,515773.99964372773,1068865.9028614021,1364342.4806218208
8600,525311.0250034707,1043629.1333010797,1396482.8967869931
8601,554260.3882249761,1056682.6033093932,1460069.039861513
8602,539653.440422588,1116701.5785315044,1464418.8281675132
8603,530676.1712454658,1106897.346939327,1445654.7502929724
8604,534135.619365533,1075406.681789501,1418878.993416393
8605,513285.1610011766,949016.4053455173,1260125.184103075
8606,456430.2351451023,860363.9182700828,1099127.069344619
8607,445930.41827930574,756281.2198109543,1006196.613669465
8608,486507.532857121,817863.4638497608,1003914.140990461
8609,557302.3545647397,833590.6118579053,1018984.4034601029
8610,614594.0052564227,803661.3224806811,1072011.5675052444
8611,598568.7045615251,809744.7980887786,1114754.84745466
8612,555759.4239765219,845626.1866495877,1121942.6359152994
8613,522217.6454167229,864610.8402683302,1187459.584452118
8614,490695.3708961017,867247.779536301,1230652.3533102772
8615,408823.84867097426,870897.7127846407,1171634.1697072173
8616,361054.9270066129,837202.5770654934,1128752.664543304
8617,344976.96590844257,831892.0082908376,1132264.5903013845
8618,343789.4561491991,857649.6254166097,1162478.222474936
8619,353785.26105307066,879939.0158512793,1175335.9606974272
8620,371339.2782867685,943086.0821080026,1255463.2699834206
8621,413883.2634567078,1054600.9643026944,1355041.5265149828
8622,496555.04862675734,1129058.0455206898,1397099.2390656448
8623,562712.9111359665,1162272.9382986103,1426172.4240354125
8624,521635.47533384536,1101199.5744541471,1409865.473269223
8625,542396.5508467418,1090880.7906749872,1425953.7942666793
8626,542368.8017502839,1103410.1193352567,1423869.4387560624
8627,538481.887040005,1108932.3641975683,1393848.1604184052
8628,533669.3980644454,1070561.5729678937,1354263.486678326
8629,498471.60716376797,1001202.0758057581,1272272.8998456344
8630,490644.4018003879,975499.2304517191,1213925.4407899615
8631,516742.457471595,978598.6471385229,1201824.5212340856
8632,546994.2753758951,972272.8599659415,1185029.7859134933
8633,589167.4958782364,932097.4826285823,1160264.7899010458
8634,627766.4633683251,919110.1510359456,1176287.6769274927
8635,612106.547494085,882766.0274498841,1184331.97371413
8636,573896.9439938277,871402.1482890204,1155361.5663046965
8637,552991.0284894959,869818.4407100633,1179063.207616857
8638,470306.62334886764,803953.0298553881,1106401.37650689
8639,423162.96458201454,771652.0540005293,1058649.8481872918
8640,360531.72445026436,723606.2350874167,967102.5814632957
8641,328492.7541982006,639209.5473875279,918242.4204433665
8642,319622.7608300442,651786.9305477645,889196.2392586023
8643,298459.0298007088,633350.2048544777,846510.8840606071
8644,297252.49952144927,631362.1235112568,826120.2080019728
8645,324533.42289670534,671416.836811986,830340.6029349045
8646,387263.1835088849,658207.0396532532,824920.2668655787
8647,420719.03231868654,670489.1727987169,794139.976332543
8648,430468.5928235639,616313.2812607837,823582.7997009334
8649,420769.8253956845,620810.3481247433,849609.4662825611
8650,400740.72567780316,630128.6761234516,833911.2582861994
8651,415262.53506909887,614477.0160685286,746407.6597285669
8652,416470.64495843055,550105.8784743141,723341.1217338488
8653,410993.80764309637,551654.7837266015,708351.1058010228
8654,381478.0610132147,561627.2282496145,702028.9383006542
8655,396877.2357876092,551139.6614996025,661822.6032428701
8656,452104.01186465455,563263.0014976033,648008.8251809544
8657,511603.4887988414,551098.0254453477,637524.4365188661
8658,543509.7336879465,507876.66348002333,658550.0820093006
8659,537163.3492373802,508773.89072465006,713678.8087503368
8660,506557.6725522145,555967.897396615,748502.62097539
8661,501867.9704624632,599984.7770839187,804537.5642614965
8662,460436.8797125145,594795.2636313102,851863.3945885702
8663,364479.2396115728,587270.4201151521,843351.8067648297
8664,331287.4199859111,614628.8688644359,827585.72943793
8665,301632.94137666543,615382.2583237226,887004.4086748033
8666,299768.1420753781,663151.4961778214,918471.8454252754
8667,305124.50580379344,688651.1901390798,939980.3480439478
8668,320160.5589400296,713606.8746864803,979005.3751363622
8669,344848.6997359527,798056.1642010662,1035115.031635831
8670,417899.6870024666,833378.519570023,1066761.3692096635
8671,481796.6911026982,849372.7207903097,1085315.6984906541
8672,478934.31091159984,861126.2044690612,1153485.4295795918
8673,473579.708156852,901199.6941400802,1202728.097043029
8674,475095.567551473,898605.8609472367,1198130.5299725742
8675,495376.81001803826,789380.0517713266,1060664.9136458489
8676,470077.3209741231,769113.7081310741,1047092.4122542378
8677,445387.0515675433,817109.5695861595,1081538.5459688976
8678,442070.9801574541,888175.4463006175,1125045.425164265
8679,471077.1113680537,920765.3992793655,1137767.0323466489
8680,512687.56723412115,982654.7723987803,1154936.9667777452
8681,586729.6864557961,933533.4942100341,1148269.1389648952
8682,609924.7143768753,941873.502370422,1180397.2071422436
8683,606054.5912993333,916770.9575904018,1209612.7307791882
8684,556104.6099605293,936763.3016716475,1222797.4564667572
8685,520761.50893498276,984860.4972428957,1295274.7462933436
8686,495712.69470691436,969814.1990015615,1328420.3821768072
8687,439219.6391312225,960002.9952379209,1301154.1900609932
8688,398778.0570131918,974844.4982668705,1294708.055667616
8689,392015.1728162891,979770.5028189162,1331820.52569914
8690,382322.68482123717,1038218.8515137132,1381269.9267695234
8691,385157.22369890346,1086140.801901654,1395491.7641251867
8692,393563.7999158046,1115228.3347414464,1436432.4465891244
8693,424117.04459535656,1189321.5339456387,1500752.5343464743
8694,472383.7133585871,1255183.9922209512,1574731.4622882407
8695,539265.4034558919,1433364.6678047078,1721959.9524681272
8696,619518.9130299821,1522888.9565414959,1893530.8172869883
8697,704167.3579280593,1677492.135497613,2130346.2037741262
8698,747985.8326989097,1835937.2943836171,2313189.3576670852
8699,797061.0157230672,1963798.5213171027,2482604.6554729785
8700,831832.3370179632,2088483.9857343729,2610987.2355213286
8701,778146.8178017009,2031991.9600640307,2571390.8454269036
8702,751581.6514025284,1946641.887192054,2500287.925012027
8703,734077.2499579552,1888481.5406582113,2429689.7227134593
8704,794915.5984183144,1933073.929930188,2462291.1181795197
8705,882860.1209648718,1936806.6126449192,2460074.084607264
8706,909403.7472724825,1922082.4270683993,2453726.684935989
8707,879651.1184224731,1902188.2875451692,2419919.8236933127
8708,837136.5712116356,1849672.194716162,2380773.420870274
8709,787975.8437598335,1897555.898654918,2433237.446331846
8710,716176.700451183,1847071.1186689853,2391437.4319176855
8711,644449.9691172595,1797268.4289758552,2315224.745896699
8712,595408.3370004431,1759086.2464218019,2264750.9972290667
8713,563237.1510822158,1704113.849158255,2229007.963600909
8714,540442.7197529046,1701101.5800382448,2195758.2900971603
8715,531730.7350218964,1706362.6527621595,2184801.863040763
8716,530189.6713351887,1681058.8089382139,2155964.0688930415
8717,542460.3303406794,1705638.9788771544,2141560.695185921
8718,589440.6746477827,1723262.1547484635,2157218.103128165
8719,640625.0256808666,1748071.4523270195,2149450.9111558916
8720,674604.9942078489,1694337.4181254199,2148209.745951098
8721,723908.8973709715,1685514.7466015238,2147421.7712411685
8722,714319.5845574217,1669539.824426553,2150824.0664485316
8723,699165.9498661036,1665180.3767223116,2132796.0414065234
8724,701270.5899324849,1611159.4991886236,2093464.9041889142
8725,638704.1649162046,1450179.4918415651,1886547.499329168
8726,594312.9785902117,1278812.578646195,1703361.686244366
8727,570787.3639602534,1134988.1299992488,1508880.7328780468
8728,589716.5515463917,1137117.3438937156,1472401.488430782
8729,633281.0462054726,1092747.055251443,1442738.0940204668
8730,646859.464589389,1071511.6802957733,1416950.9537252244
8731,638562.9874931345,1015825.7835740118,1400268.73154481
8732,616165.9760602525,1006539.2221215918,1383780.6976354746
8733,566039.2009891893,1018886.7832890473,1403002.8636031696
8734,521558.5145421168,976701.1957190775,1391605.9066534953
8735,433387.56183667044,994207.4449283829,1356957.2491329617
8736,394706.32674894616,976318.4515156862,1319760.0761204718
8737,366578.380269258,928802.3569124942,1303248.7091187744
8738,364421.5199390808,980862.7389045369,1331408.0304896147
8739,367197.09063062345,1005080.4886586639,1353198.9571046114
8740,390129.97689877683,1028218.8267612199,1390598.9455844031
8741,431981.04681760864,1096041.0711113743,1442965.74618208
8742,488755.73930319416,1139082.7435539216,1449957.1265808064
8743,542521.4849152759,1154555.827395236,1476722.750112396
8744,548226.65419406,1122811.3997041823,1516840.0918763094
8745,550841.2381234794,1149220.2507848244,1556994.7996725838
8746,562554.2995493266,1138591.1623696066,1503860.6396871773
8747,525709.4944757554,1092453.559890473,1426583.7490505644
8748,539979.1528429821,1140547.0069753902,1468861.4298562177
8749,509499.5155740978,1073830.9204369178,1388285.1226605237
8750,516875.3226227986,1055969.7850077339,1354952.8583623574
8751,541765.6537168581,1056169.2243909847,1330369.4805166256
8752,576426.6117469925,1068523.7130926729,1309888.913930034
8753,647574.0452233288,1056938.5518486262,1291366.5247951883
8754,632928.0862236178,1002003.5371501646,1309847.7691405313
8755,619826.0775258687,979481.5553276094,1316057.9555260662
8756,572167.3035840665,985314.3306066883,1318677.4533371874
8757,547504.1257361253,1005628.8040837634,1341256.1143427228
8758,487962.93310926703,940636.1371138354,1338582.7278076282
8759,556783.072807638,1483819.639066009,1976119.0272098137
